ANGLE,INCLUDED,SCORE,NORMALIZED_SCORE
0.0,0.0,-11.669594764709473,0.7416860687499034
0.03,0.0,-11.64326286315918,0.7426635468037758
0.06,0.0,-9.068119049072266,0.8382565885378688
0.09,0.0,-9.103926658630371,0.8369273585755803
0.12,0.0,-9.046208381652832,0.8390699440225567
0.15,0.0,-8.780982971191406,0.8489154926837568
0.18,0.0,-8.750110626220703,0.8500615185270786
0.21,0.0,-8.254390716552734,0.8684633544766227
0.24,0.0,-7.924546718597412,0.8807076380346124
0.27,0.0,-7.262065410614014,0.9052998969118388
0.3,0.0,-6.4660964012146,0.9348474112364096
0.33,0.0,-5.534837245941162,0.9694170903387299
0.36,0.0,-4.969122886657715,0.9904172209181294
0.39,0.0,-5.035447597503662,0.9879551522689086
0.0,0.0,-11.250996589660645,0.7572250350003946
0.03,0.0,-11.282127380371094,0.7560694152795386
0.06,0.0,-9.722685813903809,0.8139581288844694
0.09,0.0,-10.103331565856934,0.7998280111592726
0.12,0.0,-9.613981246948242,0.817993398739623
0.15,0.0,-9.761197090148926,0.8125285349265731
0.18,0.0,-9.299942970275879,0.8296509511931306
0.21,0.0,-9.089427947998047,0.8374655715650781
0.24,0.0,-8.686004638671875,0.8524412249767291
0.27,0.0,-7.636388301849365,0.8914044928694921
0.3,0.0,-6.520668983459473,0.9328215985017833
0.33,0.0,-5.6834917068481445,0.9638988229675233
0.36,0.0,-5.079965114593506,0.9863025980131859
0.39,0.0,-5.12358283996582,0.9846834453200225
0.0,0.0,-11.341914176940918,0.7538500434105257
0.03,0.0,-11.291498184204102,0.7557215575649556
0.06,0.0,-9.04981517791748,0.8389360545582221
0.09,0.0,-9.69962215423584,0.8148142850995594
0.12,0.0,-9.355342864990234,0.8275944274298659
0.15,0.0,-9.444743156433105,0.8242757600435285
0.18,0.0,-9.584012985229492,0.8191058637124558
0.21,0.0,-8.434754371643066,0.8617679962158349
0.24,0.0,-8.384353637695312,0.8636389439420709
0.27,0.0,-7.468570232391357,0.8976341409496024
0.3,0.0,-6.432772159576416,0.9360844550101397
0.33,0.0,-5.345333099365234,0.976451756788549
0.36,0.0,-5.126988887786865,0.9845570079266138
0.39,0.0,-4.972377777099609,0.9902963947040168
0.0,0.0,-10.9380521774292,0.7688419816327515
0.03,0.0,-10.866199493408203,0.7715092565960961
0.06,0.0,-8.549232482910156,0.8575184040928119
0.09,0.0,-8.69681167602539,0.8520400522083946
0.12,0.0,-8.446928024291992,0.8613160927223836
0.15,0.0,-8.442456245422363,0.8614820915849605
0.18,0.0,-8.099843978881836,0.8742003516350826
0.21,0.0,-8.02444839477539,0.8769991441446999
0.24,0.0,-7.582695960998535,0.8933976297776824
0.27,0.0,-7.006300449371338,0.9147942600928167
0.3,0.0,-6.132812023162842,0.9472194066512442
0.33,0.0,-5.434175491333008,0.9731537994330514
0.36,0.0,-4.989556312561035,0.9896587027629642
0.39,0.0,-4.922494888305664,0.9921481192734221
0.0,0.0,-11.185101509094238,0.7596711551557808
0.03,0.0,-10.777831077575684,0.7747896192758205
0.06,0.0,-9.463740348815918,0.8235705569421148
0.09,0.0,-9.300315856933594,0.8296371091041419
0.12,0.0,-9.488289833068848,0.8226592447816431
0.15,0.0,-9.114462852478027,0.8365362399076878
0.18,0.0,-8.786245346069336,0.8487201457603832
0.21,0.0,-8.678008079528809,0.8527380687520983
0.24,0.0,-8.265241622924805,0.8680605532272309
0.27,0.0,-7.454493999481201,0.8981566709584813
0.3,0.0,-6.348850727081299,0.9391997392731023
0.33,0.0,-5.516936779022217,0.9700815814137067
0.36,0.0,-5.169894218444824,0.9829643003497535
0.39,0.0,-4.8490142822265625,0.9948758250447041
0.0,0.0,-11.565506935119629,0.745549958674638
0.03,0.0,-11.492501258850098,0.7482600343683847
0.06,0.0,-9.08804702758789,0.8375168333166266
0.09,0.0,-9.231493949890137,0.8321918772674718
0.12,0.0,-8.562840461730957,0.8570132563491335
0.15,0.0,-8.605859756469727,0.8554163182616998
0.18,0.0,-8.318673133850098,0.8660770987009802
0.21,0.0,-8.005714416503906,0.8776945763597689
0.24,0.0,-7.6524577140808105,0.8908079731777842
0.27,0.0,-6.948349475860596,0.9169454835697501
0.3,0.0,-6.07153844833374,0.9494939698674008
0.33,0.0,-5.668342113494873,0.9644611976596674
0.36,0.0,-5.093494892120361,0.9858003532140012
0.39,0.0,-4.9503560066223145,0.9911138744939916
0.0,0.0,-11.587109565734863,0.7447480379591146
0.03,0.0,-11.361804962158203,0.7531116688580063
0.06,0.0,-9.322264671325684,0.8288223375489693
0.09,0.0,-9.22529125213623,0.8324221303282949
0.12,0.0,-9.177648544311523,0.8341906961584822
0.15,0.0,-8.927186965942383,0.8434881901403154
0.18,0.0,-8.897992134094238,0.8445719442840696
0.21,0.0,-8.49925708770752,0.8593735626331427
0.24,0.0,-8.075695991516113,0.875096759653702
0.27,0.0,-7.285497665405273,0.9044300579156898
0.3,0.0,-6.44480037689209,0.9356379502854116
0.33,0.0,-5.610377311706543,0.9666129344621516
0.36,0.0,-4.850752353668213,0.9948113053332418
0.39,0.0,-5.119467735290527,0.9848362039235666
0.0,0.0,-11.50255298614502,0.7478868997956486
0.03,0.0,-11.322745323181152,0.7545616188291211
0.06,0.0,-8.615652084350586,0.8550528129682602
0.09,0.0,-8.64663314819336,0.8539027513240569
0.12,0.0,-8.545695304870605,0.8576497092285119
0.15,0.0,-8.450904846191406,0.8611684673743467
0.18,0.0,-8.22844409942627,0.869426530218599
0.21,0.0,-8.005189895629883,0.8777140473289344
0.24,0.0,-7.681130886077881,0.8897435837979092
0.27,0.0,-6.99816370010376,0.9150963079272174
0.3,0.0,-6.22855806350708,0.9436651759397658
0.33,0.0,-5.341630458831787,0.9765892041299766
0.36,0.0,-4.916803359985352,0.9923593969897492
0.39,0.0,-5.054100036621094,0.9872627469045009
0.0,0.0,-11.618184089660645,0.7435945069422236
0.03,0.0,-11.463334083557129,0.7493427618610373
0.06,0.0,-9.63577938079834,0.8171842206628651
0.09,0.0,-9.732072830200195,0.8136096693399304
0.12,0.0,-9.309748649597168,0.8292869502750212
0.15,0.0,-9.269843101501465,0.8307683016091357
0.18,0.0,-8.952404975891113,0.8425520613445983
0.21,0.0,-8.79858684539795,0.848262011556799
0.24,0.0,-8.207951545715332,0.8701872432830157
0.27,0.0,-7.363104343414307,0.9015491864205991
0.3,0.0,-6.421393871307373,0.9365068334339834
0.33,0.0,-5.576937198638916,0.9678542795499792
0.36,0.0,-5.004318714141846,0.9891107011862404
0.39,0.0,-4.929986476898193,0.9918700207310949
0.0,0.0,-10.845115661621094,0.7722919187530267
0.03,0.0,-11.086153030395508,0.7633442649844552
0.06,0.0,-8.625675201416016,0.8546807404483877
0.09,0.0,-8.670966148376465,0.8529994753635862
0.12,0.0,-8.629995346069336,0.8545203704659879
0.15,0.0,-8.291916847229004,0.8670703305389955
0.18,0.0,-8.326172828674316,0.865798699243675
0.21,0.0,-8.022207260131836,0.8770823382856799
0.24,0.0,-7.585748195648193,0.89328432643802
0.27,0.0,-6.965460300445557,0.916310305153808
0.3,0.0,-6.148646831512451,0.9466315957930175
0.33,0.0,-5.311278820037842,0.9777159006111813
0.36,0.0,-5.0774641036987305,0.9863954391343434
0.39,0.0,-4.915761470794678,0.9923980734148644
0.0,0.0,-11.465958595275879,0.7492453362116854
0.03,0.0,-11.43278980255127,0.7504766094981901
0.06,0.0,-9.300833702087402,0.8296178859473112
0.09,0.0,-9.71274185180664,0.814327263058086
0.12,0.0,-9.105364799499512,0.8368739727183047
0.15,0.0,-8.995573043823242,0.840949600582274
0.18,0.0,-8.799434661865234,0.8482305393902752
0.21,0.0,-8.432101249694824,0.8618664839180503
0.24,0.0,-8.172268867492676,0.8715118356144665
0.27,0.0,-7.36350679397583,0.9015342468769849
0.3,0.0,-6.298803329467773,0.9410575706464732
0.33,0.0,-5.502660751342773,0.9706115280917497
0.36,0.0,-5.0675458908081055,0.9867636174603828
0.39,0.0,-4.9750542640686035,0.9901970396586293
0.0,0.0,-11.541365623474121,0.7464461188809227
0.03,0.0,-11.721964836120605,0.7397420163848913
0.06,0.0,-8.84915828704834,0.8463847269151438
0.09,0.0,-8.762320518493652,0.8496082697666668
0.12,0.0,-8.79351806640625,0.8484501719224624
0.15,0.0,-8.58104133605957,0.8563376137190891
0.18,0.0,-8.321015357971191,0.8659901519732155
0.21,0.0,-7.945180892944336,0.879941667808521
0.24,0.0,-7.592910289764404,0.8930184592045051
0.27,0.0,-7.097440242767334,0.911411019892374
0.3,0.0,-6.3639326095581055,0.9386398781060687
0.33,0.0,-5.429174900054932,0.9733394285727233
0.36,0.0,-4.93515682220459,0.9916780900777659
0.39,0.0,-5.104420185089111,0.985394790627164
0.0,0.0,-11.081881523132324,0.7635028294769869
0.03,0.0,-11.028608322143555,0.7654804073107259
0.06,0.0,-10.054448127746582,0.801642634681977
0.09,0.0,-9.707300186157227,0.814529265512738
0.12,0.0,-9.798797607421875,0.8111327496515006
0.15,0.0,-9.176919937133789,0.8342177431047413
0.18,0.0,-9.152276039123535,0.8351325600396627
0.21,0.0,-8.55871868133545,0.8571662627650125
0.24,0.0,-8.224833488464355,0.8695605612899822
0.27,0.0,-7.4991135597229,0.8965003287142117
0.3,0.0,-6.449283599853516,0.9354715266016894
0.33,0.0,-5.635372161865234,0.9656850896787702
0.36,0.0,-5.036500453948975,0.9879160687235291
0.39,0.0,-4.748649597167969,0.9986015064901254
0.0,0.0,-10.718378067016602,0.7769966005280916
0.03,0.0,-10.69798755645752,0.7777535256039616
0.06,0.0,-10.235352516174316,0.7949272036220676
0.09,0.0,-10.174884796142578,0.7971718523492335
0.12,0.0,-9.99451732635498,0.8038673522170698
0.15,0.0,-10.024325370788574,0.8027608347402732
0.18,0.0,-9.7854585647583,0.8116279140982614
0.21,0.0,-9.44343090057373,0.8243244728682045
0.24,0.0,-8.91954517364502,0.8437718644601763
0.27,0.0,-8.053728103637695,0.8759122392441171
0.3,0.0,-7.203864097595215,0.9074604133513285
0.33,0.0,-6.347069263458252,0.9392658697647409
0.36,0.0,-5.598997116088867,0.9670353836895196
0.39,0.0,-5.429626941680908,0.9733226481374788
0.0,0.0,-10.998175621032715,0.7666101129417107
0.03,0.0,-10.910967826843262,0.7698473916769359
0.06,0.0,-9.829485893249512,0.8099935563482679
0.09,0.0,-9.934568405151367,0.806092742385643
0.12,0.0,-9.817968368530273,0.8104211034293811
0.15,0.0,-10.017918586730957,0.8029986637781897
0.18,0.0,-9.312642097473145,0.8291795413287517
0.21,0.0,-9.140827178955078,0.8355575581939033
0.24,0.0,-8.312110900878906,0.8663206982261221
0.27,0.0,-7.5684309005737305,0.8939271693354609
0.3,0.0,-7.195586681365967,0.9077676829456418
0.33,0.0,-5.961968898773193,0.9535613491207964
0.36,0.0,-5.5427141189575195,0.9691246894845066
0.39,0.0,-5.303934097290039,0.9779885472821421
0.0,0.0,-11.380860328674316,0.7524043062491031
0.03,0.0,-11.05330753326416,0.7645635370736015
0.06,0.0,-9.318251609802246,0.8289713081639667
0.09,0.0,-9.381290435791016,0.8266312162861276
0.12,0.0,-9.269125938415527,0.8307949237342493
0.15,0.0,-8.993460655212402,0.841028015485368
0.18,0.0,-8.837885856628418,0.8468031757433923
0.21,0.0,-8.813216209411621,0.847718948525891
0.24,0.0,-8.122526168823242,0.8733583561248403
0.27,0.0,-7.362002849578857,0.9015900754558468
0.3,0.0,-6.312615871429443,0.9405448292248202
0.33,0.0,-5.541573524475098,0.9691670299920011
0.36,0.0,-4.858006000518799,0.9945420395305634
0.39,0.0,-4.798227787017822,0.9967610927837172
0.0,0.0,-11.461115837097168,0.7494251063597266
0.03,0.0,-11.409029960632324,0.7513586089996271
0.06,0.0,-9.593173027038574,0.8187658297873011
0.09,0.0,-9.400176048278809,0.8259301551908816
0.12,0.0,-9.668720245361328,0.8159614083975069
0.15,0.0,-9.006270408630371,0.8405524990165834
0.18,0.0,-8.857434272766113,0.8460775104234736
0.21,0.0,-8.481720924377441,0.86002453023499
0.24,0.0,-8.039874076843262,0.8764265206424223
0.27,0.0,-7.341058254241943,0.902367568955508
0.3,0.0,-6.461689472198486,0.9350110027791623
0.33,0.0,-5.535638809204102,0.9693873351576687
0.36,0.0,-4.945676803588867,0.9912875732398293
0.39,0.0,-5.123368263244629,0.9846914107164992
0.0,0.0,-11.750211715698242,0.7386934515926836
0.03,0.0,-11.66962718963623,0.7416848650899913
0.06,0.0,-8.989002227783203,0.8411935187232751
0.09,0.0,-9.123000144958496,0.8362193233331969
0.12,0.0,-8.952683448791504,0.8425417240300594
0.15,0.0,-8.90256404876709,0.8444022282364703
0.18,0.0,-8.489347457885742,0.859741422343323
0.21,0.0,-8.037132263183594,0.876528300708515
0.24,0.0,-7.576206207275391,0.8936385387689034
0.27,0.0,-7.031569480895996,0.9138562373028262
0.3,0.0,-6.4785332679748535,0.9343857368566134
0.33,0.0,-5.644418239593506,0.9653492862641889
0.36,0.0,-4.793705463409424,0.9969289679396863
0.39,0.0,-4.838288307189941,0.9952739886632583
0.0,0.0,-11.03425121307373,0.7652709350842667
0.03,0.0,-11.024580001831055,0.7656299443539172
0.06,0.0,-8.522734642028809,0.858502042053293
0.09,0.0,-8.501357078552246,0.8592956079529563
0.12,0.0,-8.677435874938965,0.8527593098093699
0.15,0.0,-8.40657901763916,0.8628139058758836
0.18,0.0,-8.25020694732666,0.8686186620070395
0.21,0.0,-7.970578670501709,0.8789988657806443
0.24,0.0,-7.563861846923828,0.8940967791777739
0.27,0.0,-7.038558483123779,0.9135967954891357
0.3,0.0,-6.198005676269531,0.9447993244918966
0.33,0.0,-5.593436241149902,0.9672418113644364
0.36,0.0,-4.883144855499268,0.9936088490811021
0.39,0.0,-5.114880561828613,0.9850064863993598
0.0,0.0,-11.326033592224121,0.7544395535533341
0.03,0.0,-11.394001960754395,0.7519164699671009
0.06,0.0,-9.534247398376465,0.8209532338651203
0.09,0.0,-9.35942554473877,0.8274428724862337
0.12,0.0,-9.461512565612793,0.8236532554584252
0.15,0.0,-8.894577026367188,0.8446987179942183
0.18,0.0,-8.671346664428711,0.8529853500605007
0.21,0.0,-8.526707649230957,0.8583545583123046
0.24,0.0,-7.983760833740234,0.8785095249237521
0.27,0.0,-7.300947666168213,0.9038565316684781
0.3,0.0,-6.487767696380615,0.9340429415940136
0.33,0.0,-5.639258861541748,0.9655408097972535
0.36,0.0,-4.877856731414795,0.9938051518520529
0.39,0.0,-5.0307698249816895,0.9881287979121032
0.0,0.0,-11.583739280700684,0.7448731477864438
0.03,0.0,-11.471942901611328,0.7490231901543876
0.06,0.0,-9.524884223937988,0.8213008083656064
0.09,0.0,-9.368587493896484,0.8271027677575549
0.12,0.0,-9.568434715270996,0.8196841514966723
0.15,0.0,-9.130762100219727,0.8359311883913091
0.18,0.0,-9.142334938049316,0.8355015880079929
0.21,0.0,-8.493185997009277,0.8595989302507934
0.24,0.0,-8.111456871032715,0.8737692643777575
0.27,0.0,-7.39008092880249,0.9005477767755342
0.3,0.0,-6.357698440551758,0.9388712994250418
0.33,0.0,-5.5602946281433105,0.9684720757007208
0.36,0.0,-5.044368267059326,0.987624004186046
0.39,0.0,-4.989129543304443,0.9896745450515125
0.0,0.0,-11.743996620178223,0.7389241648764143
0.03,0.0,-11.524480819702148,0.7470729070792426
0.06,0.0,-9.22680950164795,0.8323657707230011
0.09,0.0,-9.082947731018066,0.8377061265386778
0.12,0.0,-9.040505409240723,0.8392816465600293
0.15,0.0,-8.878480911254883,0.8452962289352657
0.18,0.0,-8.62621021270752,0.8546608800598389
0.21,0.0,-8.374175071716309,0.8640167869491687
0.24,0.0,-7.943620204925537,0.879999602792229
0.27,0.0,-7.107111930847168,0.9110519929218425
0.3,0.0,-6.385342121124268,0.9378451262473745
0.33,0.0,-5.525358200073242,0.9697689661533134
0.36,0.0,-5.052703380584717,0.9873145927851245
0.39,0.0,-4.9946441650390625,0.9894698343620584
0.0,0.0,-11.889278411865234,0.7335310958369422
0.03,0.0,-11.810164451599121,0.7364679198170621
0.06,0.0,-9.333562850952148,0.8284029328731435
0.09,0.0,-9.172019004821777,0.8343996727602717
0.12,0.0,-9.245245933532715,0.8316813838577134
0.15,0.0,-8.930018424987793,0.8433830823085836
0.18,0.0,-8.706948280334473,0.85166376687883
0.21,0.0,-8.301417350769043,0.8667176581847644
0.24,0.0,-7.995877742767334,0.8780597278351471
0.27,0.0,-7.19409704208374,0.907822980498072
0.3,0.0,-6.418112754821777,0.9366286331965545
0.33,0.0,-5.4938812255859375,0.9709374367138187
0.36,0.0,-5.15665864944458,0.9834556237053244
0.39,0.0,-4.942164421081543,0.9914179579297142
0.0,0.0,-11.752825736999512,0.738596415362715
0.03,0.0,-11.561274528503418,0.7457070716949229
0.06,0.0,-8.973068237304688,0.8417850113647621
0.09,0.0,-8.878827095031738,0.8452833780956164
0.12,0.0,-8.778008460998535,0.8490259107798065
0.15,0.0,-8.706905364990234,0.8516653599581254
0.18,0.0,-8.523595809936523,0.8584700742620994
0.21,0.0,-8.281704902648926,0.8674494126077676
0.24,0.0,-7.806929111480713,0.8850737727585317
0.27,0.0,-7.251119136810303,0.9057062383374426
0.3,0.0,-6.457699298858643,0.9351591237518688
0.33,0.0,-5.720081806182861,0.9625405458594161
0.36,0.0,-5.101112365722656,0.9855175816390743
0.39,0.0,-4.984299659729004,0.989853837275765
0.0,0.0,-11.1743745803833,0.7600693541760972
0.03,0.0,-11.354157447814941,0.7533955555884398
0.06,0.0,-9.843351364135742,0.8094788501288173
0.09,0.0,-9.80250358581543,0.8109951784039056
0.12,0.0,-9.900739669799805,0.8073485136915342
0.15,0.0,-9.859318733215332,0.808886118425656
0.18,0.0,-9.267142295837402,0.8308685593994573
0.21,0.0,-9.344310760498047,0.8280039550140604
0.24,0.0,-8.693290710449219,0.8521707555141387
0.27,0.0,-7.6981587409973145,0.8891114853352714
0.3,0.0,-6.887238025665283,0.9192140284863465
0.33,0.0,-5.710626602172852,0.9628915366299466
0.36,0.0,-5.343865871429443,0.9765062223995693
0.39,0.0,-5.319435119628906,0.9774131270406571
0.0,0.0,-11.166428565979004,0.7603643216580741
0.03,0.0,-11.171770095825195,0.7601660363884446
0.06,0.0,-8.962556838989258,0.8421752095868397
0.09,0.0,-9.52538013458252,0.8212823994493044
0.12,0.0,-8.89718246459961,0.8446020003801087
0.15,0.0,-8.767254829406738,0.8494251010494622
0.18,0.0,-8.559561729431152,0.8571349676072991
0.21,0.0,-8.398387908935547,0.8631179716107251
0.24,0.0,-7.915713310241699,0.8810355468562412
0.27,0.0,-7.07564115524292,0.912220233370894
0.3,0.0,-6.463261127471924,0.9349526606751899
0.33,0.0,-5.413333415985107,0.9739274872432848
0.36,0.0,-4.949056625366211,0.9911621093948789
0.39,0.0,-4.938439846038818,0.9915562195116706
0.0,0.0,-11.52329158782959,0.7471170530766051
0.03,0.0,-11.458277702331543,0.7495304620037931
0.06,0.0,-9.385887145996094,0.8264605797927131
0.09,0.0,-9.505325317382812,0.8220268631049084
0.12,0.0,-9.178427696228027,0.8341617729188309
0.15,0.0,-9.209888458251953,0.8329939041882816
0.18,0.0,-8.977961540222168,0.8416033649233288
0.21,0.0,-8.492643356323242,0.8596190738534392
0.24,0.0,-8.159473419189453,0.8719868210568195
0.27,0.0,-7.2709503173828125,0.9049700763950556
0.3,0.0,-6.506516933441162,0.9333469429507507
0.33,0.0,-5.462843418121338,0.9720896047628681
0.36,0.0,-4.9920973777771,0.9895643747677977
0.39,0.0,-5.110602378845215,0.9851652987042264
0.0,0.0,-11.50301456451416,0.7478697653427829
0.03,0.0,-11.322399139404297,0.7545744696687703
0.06,0.0,-8.879775047302246,0.8452481887440699
0.09,0.0,-8.979097366333008,0.8415612014246447
0.12,0.0,-8.957079887390137,0.84237852190669
0.15,0.0,-8.811677932739258,0.8477760515681892
0.18,0.0,-8.302813529968262,0.866665830005022
0.21,0.0,-8.354339599609375,0.8647531081994854
0.24,0.0,-7.70570707321167,0.8888312803880982
0.27,0.0,-7.161445617675781,0.909035048328627
0.3,0.0,-6.127404689788818,0.9474201346424598
0.33,0.0,-5.221809387207031,0.9810371346252723
0.36,0.0,-4.7757487297058105,0.9975955477186281
0.39,0.0,-5.01456356048584,0.9887303977566753
0.0,0.0,-10.947210311889648,0.7685020185111212
0.03,0.0,-10.76265811920166,0.7753528613111365
0.06,0.0,-10.374704360961914,0.7897542627394525
0.09,0.0,-11.03142261505127,0.7653759367107121
0.12,0.0,-10.46692180633545,0.7863310185478151
0.15,0.0,-10.276025772094727,0.7934173538694471
0.18,0.0,-10.023741722106934,0.80278250061869
0.21,0.0,-9.271991729736328,0.8306885414390813
0.24,0.0,-9.20284652709961,0.8332553107997696
0.27,0.0,-8.17906665802002,0.8712594918540811
0.3,0.0,-7.129410266876221,0.9102242466208531
0.33,0.0,-6.156458377838135,0.9463416199594993
0.36,0.0,-5.404626369476318,0.9742507053314328
0.39,0.0,-5.503895282745361,0.9705657005106864
0.0,0.0,-11.41418170928955,0.7511673686806594
0.03,0.0,-11.305441856384277,0.7552039484010112
0.06,0.0,-8.879144668579102,0.8452715893088307
0.09,0.0,-8.969233512878418,0.8419273618502433
0.12,0.0,-8.737936973571777,0.8505134220205297
0.15,0.0,-8.623591423034668,0.8547580932986182
0.18,0.0,-8.381000518798828,0.8637634165376818
0.21,0.0,-8.177085876464844,0.8713330213140026
0.24,0.0,-7.829135417938232,0.8842494427275869
0.27,0.0,-6.999148845672607,0.9150597379069484
0.3,0.0,-6.257122039794922,0.9426048400616536
0.33,0.0,-5.30177640914917,0.9780686437689368
0.36,0.0,-4.996779918670654,0.9893905521157925
0.39,0.0,-5.029295444488525,0.9881835290363394
0.0,0.0,-11.804386138916016,0.7366824190937421
0.03,0.0,-11.700395584106445,0.7405426980387406
0.06,0.0,-8.722379684448242,0.8510909309659798
0.09,0.0,-9.014638900756836,0.8402418485539875
0.12,0.0,-9.053711891174316,0.8387914029582031
0.15,0.0,-8.503219604492188,0.8592264683115376
0.18,0.0,-8.310416221618652,0.8663836071574079
0.21,0.0,-8.310698509216309,0.8663731282358206
0.24,0.0,-7.619583606719971,0.892028307319794
0.27,0.0,-6.948276042938232,0.9169482095054333
0.3,0.0,-6.290767192840576,0.9413558835949704
0.33,0.0,-5.594062805175781,0.9672185524067242
0.36,0.0,-5.123597145080566,0.9846829142935907
0.39,0.0,-5.136810779571533,0.9841924051785486
0.0,0.0,-12.019259452819824,0.72870601266891
0.03,0.0,-11.916853904724121,0.7325074538852664
0.06,0.0,-9.253305435180664,0.8313822035660443
0.09,0.0,-9.121959686279297,0.836257946655669
0.12,0.0,-9.150327682495117,0.8352048858396722
0.15,0.0,-8.994897842407227,0.8409746650298544
0.18,0.0,-8.785268783569336,0.8487563971647932
0.21,0.0,-8.35649585723877,0.8646730648153339
0.24,0.0,-7.678109169006348,0.8898557542811838
0.27,0.0,-7.254819393157959,0.9055688795004202
0.3,0.0,-6.300063133239746,0.9410108049187137
0.33,0.0,-5.690713405609131,0.9636307431238759
0.36,0.0,-5.01280403137207,0.9887957140077852
0.39,0.0,-5.07988977432251,0.9863053947523933
0.0,0.0,-11.442643165588379,0.7501108384919749
0.03,0.0,-10.9236478805542,0.7693766898477995
0.06,0.0,-9.695929527282715,0.8149513607224849
0.09,0.0,-10.33505630493164,0.7912260555977948
0.12,0.0,-10.15600299835205,0.7978727718374309
0.15,0.0,-9.098730087280273,0.8371202627773677
0.18,0.0,-9.04828929901123,0.8389926973776127
0.21,0.0,-8.705367088317871,0.8517224630004236
0.24,0.0,-8.08027172088623,0.8749269019990543
0.27,0.0,-7.641502857208252,0.891214633219247
0.3,0.0,-6.595239162445068,0.9300534462172801
0.33,0.0,-5.598816871643066,0.9670420746225601
0.36,0.0,-4.71198034286499,0.9999627219444885
0.39,0.0,-4.837203025817871,0.9953142758685499
0.0,0.0,-11.352848052978516,0.7534441622078295
0.03,0.0,-11.387500762939453,0.7521578037794674
0.06,0.0,-9.518195152282715,0.8215491163251102
0.09,0.0,-9.991636276245117,0.8039743009404319
0.12,0.0,-10.171290397644043,0.7973052815906606
0.15,0.0,-9.70738697052002,0.8145260439523851
0.18,0.0,-9.23488998413086,0.8320658115925654
0.21,0.0,-8.881522178649902,0.8451833327158677
0.24,0.0,-8.40575122833252,0.8628446346054031
0.27,0.0,-7.707172870635986,0.888776867879721
0.3,0.0,-6.507327556610107,0.9333168514529494
0.33,0.0,-5.598038196563721,0.9670709801613304
0.36,0.0,-5.252879619598389,0.9798837629163107
0.39,0.0,-4.718893051147461,0.9997061122717678
0.0,0.0,-11.896329879760742,0.733269335207833
0.03,0.0,-11.96311092376709,0.7307903268154382
0.06,0.0,-9.123152732849121,0.8362136590512579
0.09,0.0,-9.053338050842285,0.8388052804489539
0.12,0.0,-9.05750846862793,0.8386504685432067
0.15,0.0,-8.779448509216309,0.8489724541190066
0.18,0.0,-8.587183952331543,0.8561095909692795
0.21,0.0,-8.205297470092773,0.8702857663869933
0.24,0.0,-7.799853801727295,0.8853364184316938
0.27,0.0,-7.087416648864746,0.9117831101131275
0.3,0.0,-6.380799293518066,0.9380137625412291
0.33,0.0,-5.616612434387207,0.9663814777414165
0.36,0.0,-5.223659992218018,0.98096843750588
0.39,0.0,-5.124429225921631,0.9846520262561417
0.0,0.0,-11.421632766723633,0.7508907747132223
0.03,0.0,-11.462151527404785,0.7493866600460651
0.06,0.0,-9.629084587097168,0.8174327410329416
0.09,0.0,-9.725013732910156,0.8138717131831366
0.12,0.0,-9.361647605895996,0.827360386380496
0.15,0.0,-9.19662094116211,0.8334864135028834
0.18,0.0,-9.287873268127441,0.8300989958945107
0.21,0.0,-8.709075927734375,0.8515847855475421
0.24,0.0,-8.278133392333984,0.8675819922069039
0.27,0.0,-7.399388790130615,0.9002022555772511
0.3,0.0,-6.482624530792236,0.9342338632971222
0.33,0.0,-5.623904705047607,0.9661107781673722
0.36,0.0,-4.930959701538086,0.9918338932328523
0.39,0.0,-4.947404384613037,0.9912234429477503
0.0,0.0,-11.072006225585938,0.7638694147237309
0.03,0.0,-11.065678596496582,0.7641043054153916
0.06,0.0,-9.820783615112305,0.8103165974276053
0.09,0.0,-9.800287246704102,0.8110774520990705
0.12,0.0,-9.885411262512207,0.8079175262140755
0.15,0.0,-9.165902137756348,0.834626739662504
0.18,0.0,-8.891799926757812,0.8448018079255093
0.21,0.0,-8.98290729522705,0.8414197713849787
0.24,0.0,-8.310873031616211,0.8663666497133529
0.27,0.0,-7.503381729125977,0.8963418881278473
0.3,0.0,-6.537243366241455,0.9322063335770332
0.33,0.0,-5.661125183105469,0.9647291004945042
0.36,0.0,-4.9976911544799805,0.9893567257320877
0.39,0.0,-5.101603984832764,0.985499332030702
0.0,0.0,-11.433306694030762,0.7504574217431215
0.03,0.0,-11.41434383392334,0.7511613503810991
0.06,0.0,-10.146069526672363,0.7982415165916642
0.09,0.0,-9.73294448852539,0.8135773121293535
0.12,0.0,-9.657593727111816,0.8163744407561512
0.15,0.0,-9.30224323272705,0.8295655621428991
0.18,0.0,-9.137164115905762,0.8356935363622031
0.21,0.0,-8.882554054260254,0.8451450280092546
0.24,0.0,-8.21856689453125,0.8697931862688673
0.27,0.0,-7.377603054046631,0.9010109734311015
0.3,0.0,-6.619496822357178,0.9291529669960169
0.33,0.0,-5.759532928466797,0.9610760634649513
0.36,0.0,-5.182981967926025,0.9824784642673111
0.39,0.0,-5.100528717041016,0.9855392475174912
0.0,0.0,-11.731158256530762,0.7394007433980626
0.03,0.0,-11.246956825256348,0.7573749968647314
0.06,0.0,-8.741915702819824,0.8503657258689685
0.09,0.0,-8.847176551818848,0.8464582917768274
0.12,0.0,-8.52457332611084,0.8584337874559272
0.15,0.0,-8.467009544372559,0.8605706378174403
0.18,0.0,-8.399176597595215,0.8630886943534526
0.21,0.0,-8.174969673156738,0.871411577824145
0.24,0.0,-7.632315158843994,0.8915556937955031
0.27,0.0,-6.997450351715088,0.9151227884452826
0.3,0.0,-6.230373859405518,0.943597770984691
0.33,0.0,-5.510973930358887,0.9703029309313568
0.36,0.0,-4.831792831420898,0.995515110065052
0.39,0.0,-4.9358296394348145,0.9916531141345908
0.0,0.0,-11.471342086791992,0.7490454932645227
0.03,0.0,-11.44580364227295,0.7499935170523119
0.06,0.0,-9.032883644104004,0.8395645774428857
0.09,0.0,-9.135568618774414,0.8357527635102284
0.12,0.0,-8.776652336120605,0.8490762520855399
0.15,0.0,-8.544069290161133,0.857710069232925
0.18,0.0,-8.317325592041016,0.8661271213908546
0.21,0.0,-8.117121696472168,0.8735589779107696
0.24,0.0,-7.6712327003479,0.8901110186869441
0.27,0.0,-7.0065717697143555,0.9147841882914938
0.3,0.0,-6.2232136726379395,0.9438635674146817
0.33,0.0,-5.525432109832764,0.9697662225167492
0.36,0.0,-4.992782115936279,0.989538956302596
0.39,0.0,-5.018906116485596,0.9885691958328656
0.0,0.0,-11.169248580932617,0.7602596386474877
0.03,0.0,-11.029803276062012,0.7654360489027905
0.06,0.0,-10.039504051208496,0.8021973802943844
0.09,0.0,-9.80163288116455,0.8110275002127203
0.12,0.0,-10.092328071594238,0.8002364766906036
0.15,0.0,-9.839522361755371,0.8096209882037257
0.18,0.0,-9.871796607971191,0.8084229217700888
0.21,0.0,-9.507558822631836,0.8219439521780253
0.24,0.0,-8.815467834472656,0.8476353649655276
0.27,0.0,-7.697616100311279,0.8891316289379172
0.3,0.0,-6.6751790046691895,0.927085964311165
0.33,0.0,-6.055854797363281,0.9500761695463316
0.36,0.0,-5.142369747161865,0.9839860483071559
0.39,0.0,-5.406435012817383,0.9741835658895738
0.0,0.0,-11.23969841003418,0.7576444396762204
0.03,0.0,-11.20644760131836,0.7588787575142674
0.06,0.0,-10.00239372253418,0.8035749690637276
0.09,0.0,-10.20136833190918,0.7961887454151841
0.12,0.0,-10.195611000061035,0.7964024658530976
0.15,0.0,-10.28356647491455,0.7931374321363709
0.18,0.0,-9.874669075012207,0.8083162916625859
0.21,0.0,-9.350099563598633,0.8277890663179971
0.24,0.0,-8.864953994750977,0.8457983675291639
0.27,0.0,-8.051121711730957,0.8760089922599889
0.3,0.0,-6.830825328826904,0.9213081489209817
0.33,0.0,-6.0521464347839355,0.950213829298332
0.36,0.0,-5.384021759033203,0.9750155781028985
0.39,0.0,-5.444249629974365,0.9727798329189056
0.0,0.0,-11.181478500366211,0.7598056464500715
0.03,0.0,-11.171679496765137,0.760169399555846
0.06,0.0,-8.824130058288574,0.8473138107601992
0.09,0.0,-8.93442440032959,0.843219526167593
0.12,0.0,-8.843743324279785,0.8465857381204563
0.15,0.0,-8.73420238494873,0.8506520553209884
0.18,0.0,-8.540584564208984,0.8578394272717085
0.21,0.0,-8.036148071289062,0.8765648353270219
0.24,0.0,-7.7443528175354,0.8873966947817431
0.27,0.0,-7.126943111419678,0.9103158309794555
0.3,0.0,-6.191776275634766,0.945030568802059
0.33,0.0,-5.366984844207764,0.9756480128822764
0.36,0.0,-4.975185871124268,0.9901921542154568
0.39,0.0,-4.798733234405518,0.996742329849794
0.0,0.0,-11.153185844421387,0.7608559105268609
0.03,0.0,-11.368711471557617,0.7528552892967392
0.06,0.0,-9.716277122497559,0.8141960287259102
0.09,0.0,-9.96636962890625,0.8049122352260172
0.12,0.0,-9.66103744506836,0.8162466049931388
0.15,0.0,-9.78026008605957,0.8118208891035731
0.18,0.0,-9.492064476013184,0.8225191246071754
0.21,0.0,-8.920431137084961,0.8437389762231676
0.24,0.0,-8.48862361907959,0.8597682922807715
0.27,0.0,-7.662735939025879,0.8904264306865448
0.3,0.0,-6.611147880554199,0.9294628917224892
0.33,0.0,-5.703812122344971,0.9631444999211691
0.36,0.0,-5.096787929534912,0.9856781109294037
0.39,0.0,-5.095109939575195,0.9857404003298523
0.0,0.0,-12.004342079162598,0.729259767031978
0.03,0.0,-11.332857131958008,0.7541862539453715
0.06,0.0,-9.197575569152832,0.8334509763390022
0.09,0.0,-8.887360572814941,0.8449666031281741
0.12,0.0,-8.883491516113281,0.8451102280770915
0.15,0.0,-8.742117881774902,0.8503582206953992
0.18,0.0,-8.425006866455078,0.8621298376264549
0.21,0.0,-8.168190002441406,0.8716632489510502
0.24,0.0,-7.800446033477783,0.8853144339374178
0.27,0.0,-7.116395473480225,0.9107073744684935
0.3,0.0,-6.181797981262207,0.9454009774391119
0.33,0.0,-5.413539886474609,0.973919822761786
0.36,0.0,-4.837710380554199,0.9952954421311025
0.39,0.0,-4.9866156578063965,0.9897678640964586
0.0,0.0,-11.484891891479492,0.7485425050283335
0.03,0.0,-11.332494735717773,0.7541997066149768
0.06,0.0,-9.424506187438965,0.8250269854356974
0.09,0.0,-9.50921630859375,0.8218824239154622
0.12,0.0,-9.244343757629395,0.8317148739246781
0.15,0.0,-9.093463897705078,0.8373157513077898
0.18,0.0,-8.731040954589844,0.8507694121624134
0.21,0.0,-8.825876235961914,0.847248990133759
0.24,0.0,-7.959475994110107,0.8794110130952357
0.27,0.0,-7.532641410827637,0.8952557266642691
0.3,0.0,-6.24346923828125,0.9431116516881516
0.33,0.0,-5.78912353515625,0.9599776175899177
0.36,0.0,-5.209510803222656,0.981493675749561
0.39,0.0,-4.922566890716553,0.992145446440382
0.0,0.0,-11.756864547729492,0.7384464889001403
0.03,0.0,-11.75538158416748,0.7385015386402357
0.06,0.0,-9.132148742675781,0.8358797142291878
0.09,0.0,-9.044905662536621,0.8391183028296115
0.12,0.0,-9.00175666809082,0.8407200555566934
0.15,0.0,-8.747157096862793,0.8501711577843616
0.18,0.0,-8.575069427490234,0.8565592995534793
0.21,0.0,-8.249147415161133,0.8686579933647539
0.24,0.0,-7.873749732971191,0.8825932951930089
0.27,0.0,-7.137038230895996,0.909941085626543
0.3,0.0,-6.424229145050049,0.9364015839952032
0.33,0.0,-5.455790996551514,0.9723514007937394
0.36,0.0,-5.184509754180908,0.9824217506443962
0.39,0.0,-4.94050931930542,0.991479397687872
0.0,0.0,-11.406485557556152,0.7514530609009611
0.03,0.0,-11.618329048156738,0.7435891258743815
0.06,0.0,-9.721967697143555,0.8139847864113452
0.09,0.0,-9.662474632263184,0.8161932545376253
0.12,0.0,-9.800271034240723,0.8110780539290265
0.15,0.0,-9.541420936584473,0.8206869418104599
0.18,0.0,-8.998817443847656,0.8408291637875446
0.21,0.0,-8.596384048461914,0.8557680701701159
0.24,0.0,-8.189605712890625,0.8708682669809021
0.27,0.0,-7.431434631347656,0.8990126678656417
0.3,0.0,-6.491976261138916,0.9338867136177816
0.33,0.0,-5.537125587463379,0.9693321438105249
0.36,0.0,-4.986198425292969,0.9897833523673858
0.39,0.0,-5.036072254180908,0.9879319641147206
0.0,0.0,-11.44395923614502,0.7500619840602504
0.03,0.0,-11.058388710021973,0.7643749164850305
0.06,0.0,-9.12211799621582,0.8362520699631573
0.09,0.0,-9.629411697387695,0.8174205982285347
0.12,0.0,-9.30932331085205,0.8293027394609264
0.15,0.0,-8.801898002624512,0.8481390966387213
0.18,0.0,-8.867066383361816,0.8457199526260699
0.21,0.0,-8.673895835876465,0.8528907211503561
0.24,0.0,-7.960201740264893,0.8793840723542631
0.27,0.0,-7.516125202178955,0.89586883208153
0.3,0.0,-6.283663749694824,0.941619573620115
0.33,0.0,-5.441963195800781,0.9728647086435863
0.36,0.0,-4.994085788726807,0.9894905620937792
0.39,0.0,-4.826089859008789,0.9957268126025246
0.0,0.0,-11.597555160522461,0.7443602824586234
0.03,0.0,-11.425838470458984,0.7507346529422767
0.06,0.0,-8.940595626831055,0.8429904413649199
0.09,0.0,-9.030143737792969,0.8396662867054542
0.12,0.0,-8.71237850189209,0.8514621892453235
0.15,0.0,-8.653792381286621,0.8536369902958283
0.18,0.0,-8.465861320495605,0.8606132615390317
0.21,0.0,-8.413008689880371,0.8625752271956761
0.24,0.0,-7.947079181671143,0.8798712006010228
0.27,0.0,-7.085170269012451,0.9118664989637992
0.3,0.0,-6.3458333015441895,0.9393117504484474
0.33,0.0,-5.542327404022217,0.9691390448990459
0.36,0.0,-5.063086986541748,0.986929138399171
0.39,0.0,-5.089273929595947,0.9859570414131407
0.0,0.0,-11.535414695739746,0.7466670258765463
0.03,0.0,-11.672992706298828,0.7415599322714728
0.06,0.0,-9.362503051757812,0.8273286309998752
0.09,0.0,-9.389029502868652,0.8263439309865305
0.12,0.0,-9.55667781829834,0.8201205844200774
0.15,0.0,-8.92785930633545,0.8434632318980214
0.18,0.0,-8.630805015563965,0.8544903143699487
0.21,0.0,-8.332677841186523,0.8655572238242601
0.24,0.0,-8.135499000549316,0.8728767859547332
0.27,0.0,-7.301390171051025,0.9038401052508549
0.3,0.0,-6.2171807289123535,0.9440875189618476
0.33,0.0,-5.3340349197387695,0.9768711614643748
0.36,0.0,-4.73366117477417,0.9991578982844713
0.39,0.0,-4.815042495727539,0.996136906614913
0.0,0.0,-11.45956039428711,0.7494828466337429
0.03,0.0,-11.601583480834961,0.744210745415432
0.06,0.0,-8.844395637512207,0.8465615233151669
0.09,0.0,-8.909985542297363,0.8441267317236588
0.12,0.0,-8.574969291687012,0.8565630167385019
0.15,0.0,-8.537558555603027,0.8579517570629126
0.18,0.0,-8.480283737182617,0.8600778806905036
0.21,0.0,-8.229342460632324,0.8693931817586827
0.24,0.0,-7.98969030380249,0.8782894144677762
0.27,0.0,-6.929027080535889,0.9176627586720466
0.3,0.0,-6.038650035858154,0.9507148350358424
0.33,0.0,-5.5198283195495605,0.9699742432709614
0.36,0.0,-5.064555644989014,0.9868746196855074
0.39,0.0,-4.7109761238098145,1.0
0.0,0.0,-11.42811107635498,0.7506502905431468
0.03,0.0,-11.38476276397705,0.7522594422385115
0.06,0.0,-9.09110164642334,0.837403441472559
0.09,0.0,-9.056607246398926,0.8386839232084093
0.12,0.0,-9.297004699707031,0.8297600240222197
0.15,0.0,-8.809844970703125,0.8478440937549823
0.18,0.0,-8.834711074829102,0.846921028209487
0.21,0.0,-8.275970458984375,0.8676622834033901
0.24,0.0,-7.869725704193115,0.8827426729282707
0.27,0.0,-7.227569580078125,0.9065804317503323
0.3,0.0,-6.32275915145874,0.9401682960829207
0.33,0.0,-5.467545986175537,0.9719150386738585
0.36,0.0,-4.83972692489624,0.9952205851051016
0.39,0.0,-4.881054878234863,0.9936864320427863
0.0,0.0,-11.014111518859863,0.7660185494966993
0.03,0.0,-11.216139793395996,0.7585189694058503
0.06,0.0,-10.4036865234375,0.7886784031886509
0.09,0.0,-10.191596031188965,0.7965515072716193
0.12,0.0,-10.226247787475586,0.7952651842450192
0.15,0.0,-9.802200317382812,0.8110064361642594
0.18,0.0,-9.686535835266113,0.8153000680793586
0.21,0.0,-9.44615650177002,0.824223294632068
0.24,0.0,-8.869592666625977,0.8456261733582163
0.27,0.0,-7.960142135620117,0.8793862849643955
0.3,0.0,-6.875755310058594,0.9196402834031424
0.33,0.0,-6.0557379722595215,0.9500805062621912
0.36,0.0,-5.4324541091918945,0.9732176996136765
0.39,0.0,-5.540668964385986,0.9692006085633712
0.0,0.0,-11.172554969787598,0.7601369007382206
0.03,0.0,-10.877484321594238,0.77109034754494
0.06,0.0,-9.231531143188477,0.8321904965987491
0.09,0.0,-9.692862510681152,0.8150652127894601
0.12,0.0,-9.188578605651855,0.8337849565628345
0.15,0.0,-8.99206256866455,0.8410799144686347
0.18,0.0,-8.438187599182129,0.8616405498722058
0.21,0.0,-8.460628509521484,0.8608075110077796
0.24,0.0,-8.129999160766602,0.8730809479168745
0.27,0.0,-7.198217391967773,0.9076700271848361
0.3,0.0,-6.217621803283691,0.9440711456468674
0.33,0.0,-5.401055812835693,0.974383249528807
0.36,0.0,-4.852663516998291,0.994740360201955
0.39,0.0,-4.719886779785156,0.9996692236356396
0.0,0.0,-10.926226615905762,0.7692809634830293
0.03,0.0,-10.916979789733887,0.7696242189685367
0.06,0.0,-9.3734712600708,0.8269214753337426
0.09,0.0,-9.040373802185059,0.8392865320032018
0.12,0.0,-8.848245620727539,0.8464186064014918
0.15,0.0,-8.635228157043457,0.85432612099724
0.18,0.0,-8.591736793518066,0.8559405829569227
0.21,0.0,-8.160355567932129,0.8719540744268592
0.24,0.0,-8.000275611877441,0.8778964726091345
0.27,0.0,-7.187656402587891,0.9080620662985438
0.3,0.0,-6.215551853179932,0.9441479851715471
0.33,0.0,-5.4846978187561035,0.9712783379821452
0.36,0.0,-4.898728370666504,0.9930303665871938
0.39,0.0,-4.868623733520508,0.9941478940120096
0.0,0.0,-11.19274616241455,0.7593873746306335
0.03,0.0,-11.311636924743652,0.7549739785542852
0.06,0.0,-8.462774276733398,0.8607278570430116
0.09,0.0,-8.728691101074219,0.850856642104275
0.12,0.0,-8.538156509399414,0.8579295601580639
0.15,0.0,-8.363070487976074,0.8644290050672844
0.18,0.0,-8.149161338806152,0.872369620310614
0.21,0.0,-8.018658638000488,0.8772140682425253
0.24,0.0,-7.661031246185303,0.8904897113363328
0.27,0.0,-7.028611660003662,0.9139660358680387
0.3,0.0,-6.283294200897217,0.9416332918029362
0.33,0.0,-5.492168426513672,0.9710010182785848
0.36,0.0,-4.928335666656494,0.9919313011813232
0.39,0.0,-4.906926155090332,0.9927260530400175
0.0,0.0,-11.041800498962402,0.7649906947353314
0.03,0.0,-10.963648796081543,0.7678917983374731
0.06,0.0,-8.920899391174316,0.8437215939579671
0.09,0.0,-9.037117958068848,0.8394073936190767
0.12,0.0,-8.835786819458008,0.8468810950218166
0.15,0.0,-8.59598445892334,0.8557829035084439
0.18,0.0,-8.516531944274902,0.8587322951141161
0.21,0.0,-8.382288932800293,0.8637155887570588
0.24,0.0,-7.942312717437744,0.8800481386080944
0.27,0.0,-7.135715007781982,0.9099902055714832
0.3,0.0,-6.305904865264893,0.9407939514248528
0.33,0.0,-5.1540350914001465,0.9835530139529142
0.36,0.0,-5.017113208770752,0.9886357511456497
0.39,0.0,-4.8257317543029785,0.9957401059642004
0.0,0.0,-11.811894416809082,0.736403701020578
0.03,0.0,-11.752846717834473,0.7385956365239484
0.06,0.0,-9.155976295471191,0.8349952012026404
0.09,0.0,-8.896734237670898,0.8446186392083047
0.12,0.0,-8.908977508544922,0.8441641513862188
0.15,0.0,-8.592361450195312,0.8559173948027345
0.18,0.0,-8.2999849319458,0.8667708316314674
0.21,0.0,-8.042430877685547,0.8763316085181808
0.24,0.0,-7.695746421813965,0.8892010340925518
0.27,0.0,-7.054616928100586,0.9130006829176922
0.3,0.0,-6.3553948402404785,0.9389568123814406
0.33,0.0,-5.627964019775391,0.965960090566912
0.36,0.0,-5.1071953773498535,0.9852917714993972
0.39,0.0,-5.02900505065918,0.9881943088729047
0.0,0.0,-11.493560791015625,0.7482207030106703
0.03,0.0,-11.625624656677246,0.7433183023941698
0.06,0.0,-9.136558532714844,0.8357160164811488
0.09,0.0,-9.281599998474121,0.8303318686857306
0.12,0.0,-9.10251522064209,0.8369797531835167
0.15,0.0,-8.805828094482422,0.8479932059770282
0.18,0.0,-8.569025039672852,0.8567836759217906
0.21,0.0,-8.401260375976562,0.8630113415032222
0.24,0.0,-8.017410278320312,0.8772604091491394
0.27,0.0,-7.095670700073242,0.9114767078619862
0.3,0.0,-6.337728977203369,0.9396125946229361
0.33,0.0,-5.485177040100098,0.9712605485966803
0.36,0.0,-4.991518497467041,0.989585863637404
0.39,0.0,-5.0208420753479,0.9884973302557637
0.0,0.0,-11.484147071838379,0.7485701538045486
0.03,0.0,-11.423164367675781,0.7508339194832588
0.06,0.0,-9.4110689163208,0.8255257962639565
0.09,0.0,-9.639104843139648,0.8170607747183555
0.12,0.0,-9.35014533996582,0.8277873670334154
0.15,0.0,-9.321537017822266,0.8288493490934662
0.18,0.0,-9.023552894592285,0.8399109482834597
0.21,0.0,-8.587385177612305,0.8561021211974724
0.24,0.0,-8.120823860168457,0.873421548270223
0.27,0.0,-7.363739490509033,0.9015256088470278
0.3,0.0,-6.348341941833496,0.939218626113193
0.33,0.0,-5.402057647705078,0.9743460599777007
0.36,0.0,-5.018072128295898,0.9886001546738389
0.39,0.0,-4.856469631195068,0.9945990717693374
0.0,0.0,-10.908844947814941,0.7699261959994133
0.03,0.0,-10.781023979187012,0.7746710941762455
0.06,0.0,-9.525347709655762,0.8212836031092164
0.09,0.0,-9.695070266723633,0.8149832577101542
0.12,0.0,-9.60953140258789,0.818158583361671
0.15,0.0,-9.470649719238281,0.8233140711755613
0.18,0.0,-9.037400245666504,0.8393969146974893
0.21,0.0,-8.660420417785645,0.8533909480491001
0.24,0.0,-8.07032299041748,0.8752962131814815
0.27,0.0,-7.409947395324707,0.8998103049679488
0.3,0.0,-6.451842784881592,0.9353765259730427
0.33,0.0,-5.589668273925781,0.9673816837265693
0.36,0.0,-5.116175174713135,0.9849584285072831
0.39,0.0,-5.134212970733643,0.9842888395785612
0.0,0.0,-11.312277793884277,0.7549501885701411
0.03,0.0,-11.13785457611084,0.7614250292546887
0.06,0.0,-10.446319580078125,0.7870958028148756
0.09,0.0,-10.021984100341797,0.8028477460662756
0.12,0.0,-9.906731605529785,0.8071260844201394
0.15,0.0,-9.419798851013184,0.8252017285335176
0.18,0.0,-9.147505760192871,0.8353096396537828
0.21,0.0,-8.828740119934082,0.8471426786421151
0.24,0.0,-8.423988342285156,0.8621676467083982
0.27,0.0,-7.623632907867432,0.891877991437836
0.3,0.0,-6.56691312789917,0.9311049493557437
0.33,0.0,-5.982999801635742,0.9527806517616634
0.36,0.0,-5.3020734786987305,0.9780576161200366
0.39,0.0,-4.810525894165039,0.9963045693603094
0.0,0.0,-10.973213195800781,0.76753675406518
0.03,0.0,-11.252278327941895,0.7571774550321064
0.06,0.0,-10.064607620239258,0.8012654997101215
0.09,0.0,-9.402318000793457,0.825850642833162
0.12,0.0,-9.26887035369873,0.8308044114064973
0.15,0.0,-9.631503105163574,0.8173429621642074
0.18,0.0,-9.591385841369629,0.8188321726895124
0.21,0.0,-8.449764251708984,0.8612108078818412
0.24,0.0,-8.040687561035156,0.8763963229393347
0.27,0.0,-7.3489766120910645,0.9020736281246325
0.3,0.0,-6.4555182456970215,0.9352400875818354
0.33,0.0,-5.490941047668457,0.9710465803464321
0.36,0.0,-5.150209426879883,0.9836950281216552
0.39,0.0,-4.78206205368042,0.9973611880533992
0.0,0.0,-11.530852317810059,0.7468363879065244
0.03,0.0,-11.59874439239502,0.7443161364612607
0.06,0.0,-9.139622688293457,0.8356022706194599
0.09,0.0,-9.01545524597168,0.8402115446456135
0.12,0.0,-8.847168922424316,0.8464585749909244
0.15,0.0,-8.878556251525879,0.8452934321960582
0.18,0.0,-8.646979331970215,0.8538899004844076
0.21,0.0,-8.260491371154785,0.8682368894043464
0.24,0.0,-7.828587055206299,0.8842697987408054
0.27,0.0,-7.182220935821533,0.908263838641742
0.3,0.0,-6.299314022064209,0.9410386130028584
0.33,0.0,-5.524062633514404,0.9698170594471522
0.36,0.0,-5.042060852050781,0.9877096587494932
0.39,0.0,-5.051407814025879,0.9873626860789633
0.0,0.0,-11.59778881072998,0.7443516090269041
0.03,0.0,-11.35037899017334,0.753535817369956
0.06,0.0,-9.071053504943848,0.8381476573158281
0.09,0.0,-8.998847961425781,0.8408280309311568
0.12,0.0,-8.900246620178223,0.8444882545184198
0.15,0.0,-8.713937759399414,0.8514043073642587
0.18,0.0,-8.439152717590332,0.8616047232889412
0.21,0.0,-8.240865707397461,0.8689654222669968
0.24,0.0,-7.762889862060547,0.8867085730305517
0.27,0.0,-7.060945510864258,0.9127657568242693
0.3,0.0,-6.350939750671387,0.9391221917131803
0.33,0.0,-5.576162815093994,0.96788302578082
0.36,0.0,-5.1193718910217285,0.9848397618006597
0.39,0.0,-5.136294841766357,0.984211557531855
0.0,0.0,-11.322488784790039,0.7545711419031311
0.03,0.0,-11.358416557312012,0.7532374513188157
0.06,0.0,-9.4402494430542,0.8244425731466342
0.09,0.0,-9.862312316894531,0.808774992294364
0.12,0.0,-9.139983177185059,0.8355888887533788
0.15,0.0,-9.447749137878418,0.8241641736893289
0.18,0.0,-8.894009590148926,0.8447197820426792
0.21,0.0,-8.754722595214844,0.8498903156054702
0.24,0.0,-7.839334011077881,0.8838708562834844
0.27,0.0,-7.163848876953125,0.9089458358880868
0.3,0.0,-6.281318187713623,0.941706644254047
0.33,0.0,-5.549878120422363,0.9688587514474675
0.36,0.0,-4.8733439445495605,0.9939726729904008
0.39,0.0,-4.893040180206299,0.9932415203973536
0.0,0.0,-11.470781326293945,0.7490663095006488
0.03,0.0,-11.062226295471191,0.764232459794263
0.06,0.0,-10.067047119140625,0.8011749420026207
0.09,0.0,-9.82880973815918,0.8100186561976104
0.12,0.0,-9.717246055603027,0.8141600605355972
0.15,0.0,-9.796371459960938,0.8112228117343318
0.18,0.0,-9.210951805114746,0.8329544312235188
0.21,0.0,-9.079622268676758,0.8378295724831873
0.24,0.0,-8.658429145812988,0.8534648669284048
0.27,0.0,-7.615546703338623,0.8921781629788444
0.3,0.0,-6.519303798675537,0.9328722761242568
0.33,0.0,-5.797543525695801,0.9596650554321676
0.36,0.0,-5.261772155761719,0.9795536591854306
0.39,0.0,-5.041358947753906,0.987735714446413
0.0,0.0,-11.394230842590332,0.7519079735441924
0.03,0.0,-11.400116920471191,0.7516894738683928
0.06,0.0,-9.664690017700195,0.8161110162442224
0.09,0.0,-9.696175575256348,0.8149422270678581
0.12,0.0,-9.461104393005371,0.8236684074126122
0.15,0.0,-9.020317077636719,0.8400310664623301
0.18,0.0,-9.033905029296875,0.8395266621556561
0.21,0.0,-8.366297721862793,0.864309205504273
0.24,0.0,-8.207470893859863,0.8702050857711238
0.27,0.0,-7.362870216369629,0.9015578775531994
0.3,0.0,-6.397579669952393,0.9373908508358613
0.33,0.0,-5.358985424041748,0.975944962862932
0.36,0.0,-5.1159868240356445,0.9849654203553017
0.39,0.0,-4.824431419372559,0.9957883762668498
0.0,0.0,-11.489274024963379,0.748379833931396
0.03,0.0,-10.60717487335205,0.7811246229999974
0.06,0.0,-10.177803993225098,0.7970634875553867
0.09,0.0,-9.467082023620605,0.8234465091676492
0.12,0.0,-9.493792533874512,0.8224549766142155
0.15,0.0,-9.586751937866211,0.8190041898516495
0.18,0.0,-9.097661018371582,0.8371599481527033
0.21,0.0,-8.971677780151367,0.8418366271339319
0.24,0.0,-8.325167655944824,0.8658360127009486
0.27,0.0,-7.41787576675415,0.899515992418571
0.3,0.0,-6.408938407897949,0.936969198148141
0.33,0.0,-5.830086708068848,0.9584570057016131
0.36,0.0,-5.266933917999268,0.9793620471479606
0.39,0.0,-5.172357559204102,0.9828728575981996
0.0,0.0,-11.283488273620605,0.7560188969649946
0.03,0.0,-11.140307426452637,0.7613339759225182
0.06,0.0,-8.981266021728516,0.8414806978175858
0.09,0.0,-8.631925582885742,0.8544487172994587
0.12,0.0,-8.708910942077637,0.8515909100523887
0.15,0.0,-8.67078971862793,0.8530060246895783
0.18,0.0,-8.318509101867676,0.8660831878040647
0.21,0.0,-8.0144624710083,0.8773698359958497
0.24,0.0,-7.834890842437744,0.8840357930931977
0.27,0.0,-7.19736909866333,0.9077015170522411
0.3,0.0,-6.340775012969971,0.9394995213947275
0.33,0.0,-5.403205394744873,0.9743034539569904
0.36,0.0,-5.119349956512451,0.9848405760411884
0.39,0.0,-4.993026256561279,0.9895298934514936
0.0,0.0,-11.28300952911377,0.7560366686495784
0.03,0.0,-11.19774341583252,0.7592018693971291
0.06,0.0,-9.051217079162598,0.8388840139679069
0.09,0.0,-9.031476020812988,0.8396168304437737
0.12,0.0,-8.794600486755371,0.8484099909224572
0.15,0.0,-8.617094993591309,0.8549992501021739
0.18,0.0,-8.432878494262695,0.8618376314819233
0.21,0.0,-8.142292976379395,0.8726245838013963
0.24,0.0,-7.871532917022705,0.8826755865890549
0.27,0.0,-7.112033367156982,0.9108693021284265
0.3,0.0,-6.1197333335876465,0.9477049064169464
0.33,0.0,-5.4497456550598145,0.9725758125638128
0.36,0.0,-4.978672504425049,0.9900627253731492
0.39,0.0,-4.996476173400879,0.9894018275770274
0.0,0.0,-11.42834186553955,0.750641723316714
0.03,0.0,-11.068801879882812,0.7639883646444513
0.06,0.0,-10.071162223815918,0.8010221833990765
0.09,0.0,-9.390437126159668,0.8262916779856425
0.12,0.0,-9.14187240600586,0.8355187578626208
0.15,0.0,-9.462372779846191,0.8236213230689936
0.18,0.0,-9.086711883544922,0.8375663957835935
0.21,0.0,-8.894855499267578,0.8446883806796794
0.24,0.0,-8.251993179321289,0.8685523545065903
0.27,0.0,-7.28902530670166,0.9042991067976109
0.3,0.0,-6.578291416168213,0.9306825709318999
0.33,0.0,-5.4621052742004395,0.9721170057267483
0.36,0.0,-4.9549880027771,0.9909419281353787
0.39,0.0,-5.015664100646973,0.9886895441231898
0.0,0.0,-11.604609489440918,0.7440984156242278
0.03,0.0,-11.556572914123535,0.7458816023821704
0.06,0.0,-8.842352867126465,0.8466373538896261
0.09,0.0,-9.005831718444824,0.8405687838271582
0.12,0.0,-9.067578315734863,0.8382766613369904
0.15,0.0,-8.893980979919434,0.8447208440955428
0.18,0.0,-8.540413856506348,0.8578457641871279
0.21,0.0,-8.265223503112793,0.8680612258607111
0.24,0.0,-7.739376544952393,0.8875814211764809
0.27,0.0,-7.020684242248535,0.9142603130156544
0.3,0.0,-6.396352291107178,0.9374364129037086
0.33,0.0,-5.567503929138184,0.968204456079981
0.36,0.0,-4.734385967254639,0.9991309929452608
0.39,0.0,-5.111125469207764,0.9851458808377042
0.0,0.0,-10.955183982849121,0.7682060243780429
0.03,0.0,-10.939533233642578,0.7687870026961805
0.06,0.0,-8.705927848815918,0.8517016467642975
0.09,0.0,-9.307201385498047,0.8293815083816416
0.12,0.0,-8.863595008850098,0.8458488150401837
0.15,0.0,-8.623063087463379,0.8547777058748321
0.18,0.0,-8.666441917419434,0.8531674213230797
0.21,0.0,-8.348628044128418,0.864965129352817
0.24,0.0,-8.038952827453613,0.8764607187446295
0.27,0.0,-7.297425270080566,0.9039872880768653
0.3,0.0,-6.254941463470459,0.9426857861907391
0.33,0.0,-5.625627517700195,0.9660468248841039
0.36,0.0,-4.846541404724121,0.994967621813879
0.39,0.0,-4.861996173858643,0.9943939185578569
0.0,0.0,-11.694445610046387,0.7407635696326021
0.03,0.0,-11.775406837463379,0.7377581724392573
0.06,0.0,-9.210835456848145,0.8329587502384972
0.09,0.0,-9.018954277038574,0.8400816555803984
0.12,0.0,-8.72832202911377,0.8508703425862152
0.15,0.0,-8.551751136779785,0.8574249080390551
0.18,0.0,-8.576789855957031,0.8564954347746163
0.21,0.0,-8.491591453552246,0.8596581219970566
0.24,0.0,-7.916852951049805,0.8809932417505089
0.27,0.0,-7.1313700675964355,0.9101514959996982
0.3,0.0,-6.240368843078613,0.9432267428168011
0.33,0.0,-5.621767044067383,0.9661901312171624
0.36,0.0,-4.840359210968018,0.9951971137368165
0.39,0.0,-4.8148016929626465,0.9961458455598482
0.0,0.0,-11.298542976379395,0.7554600447481813
0.03,0.0,-11.273029327392578,0.7564071480901555
0.06,0.0,-8.672160148620605,0.852955152357413
0.09,0.0,-8.980111122131348,0.8415235693515121
0.12,0.0,-8.716334342956543,0.8513153427360531
0.15,0.0,-8.777962684631348,0.8490276100643882
0.18,0.0,-8.385937690734863,0.8635801416151909
0.21,0.0,-7.903398513793945,0.881492689810486
0.24,0.0,-7.632981777191162,0.8915309479637819
0.27,0.0,-6.926929950714111,0.9177406071469467
0.3,0.0,-6.120997428894043,0.9476579813812575
0.33,0.0,-5.38594913482666,0.9749440311416556
0.36,0.0,-4.92431116104126,0.9920806966174661
0.39,0.0,-5.091389179229736,0.9858785203047603
0.0,0.0,-11.774955749511719,0.7377749174727397
0.03,0.0,-11.615071296691895,0.7437100582937806
0.06,0.0,-9.131163597106934,0.8359162842494569
0.09,0.0,-8.827657699584961,0.8471828596421204
0.12,0.0,-9.023388862609863,0.8399170373865442
0.15,0.0,-8.695688247680664,0.8520817554841711
0.18,0.0,-8.585577964782715,0.8561692075366882
0.21,0.0,-8.154230117797852,0.8721814599449507
0.24,0.0,-7.789613723754883,0.8857165448524483
0.27,0.0,-7.1436991691589355,0.9096938220190216
0.3,0.0,-6.427744388580322,0.936271093100032
0.33,0.0,-5.480008125305176,0.9714524261473663
0.36,0.0,-5.051381587982178,0.9873636596274216
0.39,0.0,-5.241104602813721,0.9803208684731962
0.0,0.0,-11.599421501159668,0.7442910012101561
0.03,0.0,-11.436176300048828,0.7503508978409049
0.06,0.0,-8.956074714660645,0.8424158353639637
0.09,0.0,-9.365370750427246,0.8272221779011828
0.12,0.0,-8.939613342285156,0.8430269051799026
0.15,0.0,-8.799944877624512,0.8482115994475413
0.18,0.0,-8.566815376281738,0.8568657018046207
0.21,0.0,-8.141915321350098,0.8726386028991955
0.24,0.0,-7.9559760093688965,0.8795409375622131
0.27,0.0,-7.0091681480407715,0.9146878069941243
0.3,0.0,-6.136839389801025,0.9470699050098149
0.33,0.0,-5.433016777038574,0.9731968125740262
0.36,0.0,-4.814256191253662,0.9961660953677803
0.39,0.0,-4.977290630340576,0.9901140225264599
0.0,0.0,-10.993267059326172,0.766792325811338
0.03,0.0,-10.901871681213379,0.7701850536840286
0.06,0.0,-10.14452838897705,0.7982987258392488
0.09,0.0,-10.110584259033203,0.7995587807583564
0.12,0.0,-10.414702415466309,0.7882694774344123
0.15,0.0,-10.47375774383545,0.7860772587169449
0.18,0.0,-9.891671180725098,0.8076851490475253
0.21,0.0,-9.522171974182129,0.8214014909770733
0.24,0.0,-9.113306045532227,0.8365791822451384
0.27,0.0,-7.852687358856201,0.8833751608102918
0.3,0.0,-7.045969009399414,0.9133217060965888
0.33,0.0,-6.088171482086182,0.9488765277342803
0.36,0.0,-5.677696704864502,0.9641139417750405
0.39,0.0,-5.475217342376709,0.9716302668993719
0.0,0.0,-11.631331443786621,0.7431064582496487
0.03,0.0,-11.330517768859863,0.7542730944678498
0.06,0.0,-8.618733406066895,0.8549384298748531
0.09,0.0,-8.775535583496094,0.8491177075489815
0.12,0.0,-8.41643238067627,0.8624481348696683
0.15,0.0,-8.371317863464355,0.8641228506284777
0.18,0.0,-8.30736255645752,0.8664969635997135
0.21,0.0,-7.773824214935303,0.8863026741269744
0.24,0.0,-7.600670337677002,0.8927303950661414
0.27,0.0,-7.067503452301025,0.9125223166070568
0.3,0.0,-6.223788738250732,0.9438422201521238
0.33,0.0,-5.300665855407715,0.9781098691209245
0.36,0.0,-4.864020824432373,0.9943187606168779
0.39,0.0,-4.851433753967285,0.9947860107742077
0.0,0.0,-11.380485534667969,0.752418219141616
0.03,0.0,-11.417491912841797,0.7510444891643437
0.06,0.0,-9.407657623291016,0.8256524283670568
0.09,0.0,-9.758612632751465,0.812624473701916
0.12,0.0,-9.589766502380371,0.8188922848815907
0.15,0.0,-9.050042152404785,0.8389276289388377
0.18,0.0,-8.840993881225586,0.8466878014006459
0.21,0.0,-8.439316749572754,0.8615986341858567
0.24,0.0,-8.038361549377441,0.8764826678371433
0.27,0.0,-7.1536335945129395,0.9093250418630262
0.3,0.0,-6.31174898147583,0.9405770094265865
0.33,0.0,-5.596661567687988,0.9671220826049495
0.36,0.0,-4.8942551612854,0.9931964185524138
0.39,0.0,-4.790319919586182,0.9970546441952094
0.0,0.0,-11.915499687194824,0.7325577243874756
0.03,0.0,-11.775857925415039,0.737741427405775
0.06,0.0,-9.464040756225586,0.8235594053870472
0.09,0.0,-9.356221199035645,0.8275618224069541
0.12,0.0,-9.02795124053955,0.8397476753565661
0.15,0.0,-8.888586044311523,0.8449211118638509
0.18,0.0,-8.677762985229492,0.852747167004963
0.21,0.0,-8.46307373046875,0.8607167408897061
0.24,0.0,-7.876724720001221,0.8824828593960782
0.27,0.0,-7.127389430999756,0.9102992629547837
0.3,0.0,-6.44758939743042,0.9355344178320941
0.33,0.0,-5.477191925048828,0.9715569675509041
0.36,0.0,-5.148262977600098,0.9837672831181404
0.39,0.0,-5.207911968231201,0.9815530268037539
0.0,0.0,-11.559847831726074,0.7457600327310532
0.03,0.0,-11.459162712097168,0.7494976091685466
0.06,0.0,-9.599384307861328,0.8185352581106189
0.09,0.0,-9.394089698791504,0.8261560892367261
0.12,0.0,-9.467031478881836,0.8234483854610415
0.15,0.0,-9.111161231994629,0.8366588008081444
0.18,0.0,-9.13072681427002,0.8359324982565075
0.21,0.0,-8.572903633117676,0.856639696955252
0.24,0.0,-8.061867713928223,0.8756100852044301
0.27,0.0,-7.296324253082275,0.9040281594112318
0.3,0.0,-6.261515140533447,0.9424417618444516
0.33,0.0,-5.5956292152404785,0.9671604050124435
0.36,0.0,-4.872453689575195,0.9940057205353391
0.39,0.0,-5.0379319190979,0.9878629306785882
0.0,0.0,-11.418606758117676,0.7510031045044264
0.03,0.0,-11.146994590759277,0.7610857387665385
0.06,0.0,-9.8764009475708,0.8082520020625774
0.09,0.0,-9.385693550109863,0.8264677663504233
0.12,0.0,-9.551980972290039,0.8202949380985144
0.15,0.0,-9.220465660095215,0.8326012632446179
0.18,0.0,-9.031445503234863,0.8396179633001615
0.21,0.0,-8.735780715942383,0.8505934654046812
0.24,0.0,-8.429959297180176,0.8619459962757701
0.27,0.0,-7.371960163116455,0.9012204456575605
0.3,0.0,-6.264520168304443,0.9423302108920141
0.33,0.0,-5.476631164550781,0.9715777837870302
0.36,0.0,-4.959239959716797,0.9907840893789704
0.39,0.0,-5.073192119598389,0.9865540213277562
0.0,0.0,-11.053387641906738,0.7645605633255834
0.03,0.0,-11.04875659942627,0.7647324742824342
0.06,0.0,-10.272953987121582,0.793531382945233
0.09,0.0,-10.507899284362793,0.7848098756330787
0.12,0.0,-10.268471717834473,0.7936977712271931
0.15,0.0,-10.280729293823242,0.7932427523786754
0.18,0.0,-10.026219367980957,0.8026905268407044
0.21,0.0,-9.784172058105469,0.8116756710753602
0.24,0.0,-9.219159126281738,0.8326497636587211
0.27,0.0,-8.124905586242676,0.8732700287283529
0.3,0.0,-7.076920032501221,0.9121727596078922
0.33,0.0,-6.179928302764893,0.9454703825937466
0.36,0.0,-5.773172855377197,0.960569729762242
0.39,0.0,-5.512237071990967,0.9702560412974299
0.0,0.0,-11.58045482635498,0.7449950714551822
0.03,0.0,-11.363753318786621,0.7530393430579968
0.06,0.0,-10.394898414611816,0.789004630426579
0.09,0.0,-9.741621017456055,0.8132552268975933
0.12,0.0,-9.90833568572998,0.807066538656255
0.15,0.0,-10.011967658996582,0.8032195707738133
0.18,0.0,-10.052873611450195,0.8017010829912358
0.21,0.0,-9.207575798034668,0.8330797534614206
0.24,0.0,-8.136092185974121,0.872854766058695
0.27,0.0,-7.80451774597168,0.88516328611405
0.3,0.0,-6.746830940246582,0.9244261414187465
0.33,0.0,-5.707568645477295,0.9630050523801817
0.36,0.0,-5.203951835632324,0.9817000326209537
0.39,0.0,-4.884169101715088,0.9935708275885862
0.0,0.0,-11.776301383972168,0.7377249655863896
0.03,0.0,-11.570645332336426,0.74535921398034
0.06,0.0,-9.752327919006348,0.8128577713142814
0.09,0.0,-9.667649269104004,0.8160011645763666
0.12,0.0,-9.472189903259277,0.823256897329739
0.15,0.0,-9.255087852478027,0.8313160376726435
0.18,0.0,-9.013882637023926,0.8402699221513481
0.21,0.0,-8.654790878295898,0.8535999246508895
0.24,0.0,-8.29163646697998,0.8670807386570586
0.27,0.0,-7.3976922035217285,0.9002652353120612
0.3,0.0,-6.351144313812256,0.9391145980352057
0.33,0.0,-5.443448543548584,0.9728095703990857
0.36,0.0,-4.955294132232666,0.9909305641697385
0.39,0.0,-4.897791385650635,0.993065148818476
0.0,0.0,-11.149434089660645,0.7609951810590377
0.03,0.0,-11.092718124389648,0.7631005592540269
0.06,0.0,-8.695746421813965,0.8520795959766818
0.09,0.0,-8.503658294677734,0.8592101835009628
0.12,0.0,-8.346261024475098,0.8650529965263968
0.15,0.0,-8.31027889251709,0.8663887050111531
0.18,0.0,-8.099456787109375,0.874214724750503
0.21,0.0,-7.883110523223877,0.8822458091969282
0.24,0.0,-7.480178356170654,0.8972032307010879
0.27,0.0,-6.975573539733887,0.9159348871674152
0.3,0.0,-6.208202362060547,0.9444208088513185
0.33,0.0,-5.34961462020874,0.976292820577515
0.36,0.0,-4.899454116821289,0.9930034258462211
0.39,0.0,-4.940069675445557,0.991495717900209
0.0,0.0,-11.401714324951172,0.7516301759168432
0.03,0.0,-11.232605934143066,0.7579077225811007
0.06,0.0,-8.795659065246582,0.8483706949665049
0.09,0.0,-8.934025764465332,0.8432343241041589
0.12,0.0,-8.67159366607666,0.8529761810041119
0.15,0.0,-8.531657218933105,0.8581708231669061
0.18,0.0,-8.377334594726562,0.8638995009112679
0.21,0.0,-8.143351554870605,0.872585287845444
0.24,0.0,-7.727420330047607,0.8880252530681689
0.27,0.0,-7.10044527053833,0.9112994689399365
0.3,0.0,-6.15726900100708,0.9463115284616981
0.33,0.0,-5.4744343757629395,0.9716593317460718
0.36,0.0,-4.939429759979248,0.9915194724825909
0.39,0.0,-4.956369400024414,0.9908906486829492
0.0,0.0,-11.447110176086426,0.7499450166382087
0.03,0.0,-11.327506065368652,0.7543848932326221
0.06,0.0,-9.03715705871582,0.8394059421468297
0.09,0.0,-9.386655807495117,0.8264320459724451
0.12,0.0,-9.073779106140137,0.8380464790796915
0.15,0.0,-8.884071350097656,0.8450887038057231
0.18,0.0,-8.682489395141602,0.8525717158719004
0.21,0.0,-8.466252326965332,0.8605987468165629
0.24,0.0,-8.117975234985352,0.873527293333673
0.27,0.0,-7.155490398406982,0.9092561146321803
0.3,0.0,-6.256087779998779,0.9426432332726719
0.33,0.0,-5.492527484893799,0.9709876895151468
0.36,0.0,-4.974786281585693,0.9902069875537848
0.39,0.0,-4.827796459197998,0.9956634611492123
0.0,0.0,-11.648319244384766,0.74247584666102
0.03,0.0,-11.543023109436035,0.7463845906183596
0.06,0.0,-8.96056079864502,0.8422493054749551
0.09,0.0,-8.906065940856934,0.8442722329659686
0.12,0.0,-8.845046043395996,0.8465373793134016
0.15,0.0,-8.658331871032715,0.8534684779081411
0.18,0.0,-8.4944429397583,0.8595522707283203
0.21,0.0,-8.31162166595459,0.8663388593300893
0.24,0.0,-7.862659454345703,0.8830049822846927
0.27,0.0,-7.055516242980957,0.9129672990560138
0.3,0.0,-6.332739353179932,0.9397978166423436
0.33,0.0,-5.610411167144775,0.9666116776995963
0.36,0.0,-4.872922897338867,0.9939883028683765
0.39,0.0,-5.145010471343994,0.9838880208278479
0.0,0.0,-11.149279594421387,0.761000916144501
0.03,0.0,-11.028902053833008,0.7654695035679931
0.06,0.0,-8.407232284545898,0.8627896556688319
0.09,0.0,-8.56126594543457,0.8570717046583922
0.12,0.0,-8.476605415344238,0.8602144252869972
0.15,0.0,-8.235966682434082,0.869147281119003
0.18,0.0,-8.276402473449707,0.8676462464051502
0.21,0.0,-7.928724765777588,0.8805525429147684
0.24,0.0,-7.559086322784424,0.8942740535015856
0.27,0.0,-6.971008777618408,0.9161043377017987
0.3,0.0,-6.105071544647217,0.9482491731077666
0.33,0.0,-5.323044300079346,0.9772791490719172
0.36,0.0,-4.982618808746338,0.9899162328815001
0.39,0.0,-5.021828651428223,0.9884607071328515
0.0,0.0,-11.639758110046387,0.7427936482795637
0.03,0.0,-11.63953685760498,0.7428018614883753
0.06,0.0,-9.047070503234863,0.839037940829601
0.09,0.0,-8.989410400390625,0.8411783667690881
0.12,0.0,-8.898866653442383,0.8445394808682063
0.15,0.0,-8.717740058898926,0.8512631605386894
0.18,0.0,-8.506861686706543,0.8590912689820045
0.21,0.0,-8.251956939697266,0.8685536997735509
0.24,0.0,-7.891164302825928,0.8819468413158318
0.27,0.0,-7.072947978973389,0.9123202079471185
0.3,0.0,-6.304563522338867,0.9408437440032734
0.33,0.0,-5.524442672729492,0.9698029518449478
0.36,0.0,-5.032934665679932,0.9880484359120927
0.39,0.0,-5.214686870574951,0.9813015326856592
0.0,0.0,-11.976012229919434,0.73031141177749
0.03,0.0,-11.81218433380127,0.7363929388848937
0.06,0.0,-9.30407428741455,0.8294975907596303
0.09,0.0,-9.157846450805664,0.8349257783471247
0.12,0.0,-8.985518455505371,0.8413228413602964
0.15,0.0,-8.869271278381348,0.8456381037520504
0.18,0.0,-8.656171798706055,0.853548662899341
0.21,0.0,-8.309470176696777,0.8664187257054301
0.24,0.0,-7.94648551940918,0.879893238197942
0.27,0.0,-7.339715480804443,0.9024174146365718
0.3,0.0,-6.25347375869751,0.9427402695026404
0.33,0.0,-5.741953372955322,0.961728641846975
0.36,0.0,-5.067266464233398,0.9867739901766837
0.39,0.0,-4.875508785247803,0.9938923109903903
0.0,0.0,-11.275294303894043,0.7563230689051225
0.03,0.0,-11.307646751403809,0.7551220995269917
0.06,0.0,-9.203554153442383,0.8332290426922772
0.09,0.0,-9.303059577941895,0.8295352582345251
0.12,0.0,-9.064074516296387,0.8384067274110162
0.15,0.0,-8.981902122497559,0.8414570848422523
0.18,0.0,-8.881746292114258,0.8451750133017696
0.21,0.0,-8.458480834960938,0.8608872357760721
0.24,0.0,-8.060630798339844,0.8756560012898986
0.27,0.0,-7.421302318572998,0.8993887938872769
0.3,0.0,-6.436320781707764,0.9359527250532943
0.33,0.0,-5.479828834533691,0.9714590816786447
0.36,0.0,-4.9268670082092285,0.9919858198949867
0.39,0.0,-4.856484413146973,0.9945985230420246
0.0,0.0,-11.1064453125,0.7625909862900835
0.03,0.0,-11.15453052520752,0.7608059940422729
0.06,0.0,-8.963807106018066,0.8421287978767015
0.09,0.0,-9.020121574401855,0.8400383238235645
0.12,0.0,-8.745758056640625,0.8502230921693904
0.15,0.0,-8.713603019714355,0.8514167333827625
0.18,0.0,-8.651716232299805,0.8537140599319617
0.21,0.0,-8.25813102722168,0.8683245087655913
0.24,0.0,-7.893986225128174,0.8818420875017212
0.27,0.0,-7.0906453132629395,0.9116632574474731
0.3,0.0,-6.253113746643066,0.9427536336678405
0.33,0.0,-5.428264617919922,0.973373219554666
0.36,0.0,-5.03143310546875,0.9881041759865493
0.39,0.0,-5.043033123016357,0.9876735666530128
0.0,0.0,-11.068720817565918,0.7639913737942314
0.03,0.0,-10.91426944732666,0.7697248307764795
0.06,0.0,-10.098627090454102,0.8000026480518065
0.09,0.0,-9.779271125793457,0.8118576007308906
0.12,0.0,-10.026300430297852,0.8026875176909243
0.15,0.0,-10.123815536499023,0.799067616710715
0.18,0.0,-9.533453941345215,0.8209826881312035
0.21,0.0,-9.1691255569458,0.8345070817065412
0.24,0.0,-8.580897331237793,0.8563429593851691
0.27,0.0,-7.673366069793701,0.8900318249450835
0.3,0.0,-7.026156902313232,0.9140571600037335
0.33,0.0,-5.812010288238525,0.9591280284017009
0.36,0.0,-5.371157169342041,0.9754931301730051
0.39,0.0,-5.324018478393555,0.9772429861719124
0.0,0.0,-11.601786613464355,0.7442032048401006
0.03,0.0,-11.574408531188965,0.7452195186270177
0.06,0.0,-9.104133605957031,0.8369196763932005
0.09,0.0,-9.244301795959473,0.8317164316022113
0.12,0.0,-8.980690002441406,0.8415020804819058
0.15,0.0,-8.998677253723145,0.8408343678465762
0.18,0.0,-8.872960090637207,0.8455011697361735
0.21,0.0,-8.249678611755371,0.8686382745832536
0.24,0.0,-7.850930690765381,0.8834403708561154
0.27,0.0,-7.107626914978027,0.9110328759702981
0.3,0.0,-6.334940433502197,0.9397161093753725
0.33,0.0,-5.405109405517578,0.9742327743389194
0.36,0.0,-5.05903434753418,0.9870795781872963
0.39,0.0,-4.864856719970703,0.9942877309723803
0.0,0.0,-11.084869384765625,0.7633919157562675
0.03,0.0,-11.066197395324707,0.7640850468567988
0.06,0.0,-10.416363716125488,0.7882078075648008
0.09,0.0,-10.535075187683105,0.7838010670197308
0.12,0.0,-10.555882453918457,0.7830286713738147
0.15,0.0,-10.508279800415039,0.784795750329993
0.18,0.0,-10.395068168640137,0.7889983289129218
0.21,0.0,-9.725078582763672,0.8138693058633124
0.24,0.0,-9.269159317016602,0.8307936846725752
0.27,0.0,-8.298466682434082,0.8668271912367611
0.3,0.0,-7.295313835144043,0.9040656675781972
0.33,0.0,-6.3383708000183105,0.9395887692370299
0.36,0.0,-5.939813613891602,0.9543837851574678
0.39,0.0,-5.886643886566162,0.9563575219000168
0.42,1.0,-6.0285420417785645,0.9510900583125435
0.45,1.0,-7.706689357757568,0.8887948165731154
0.48,1.0,-10.348379135131836,0.79073149298099
0.51,1.0,-12.192168235778809,0.7222873899826077
0.54,1.0,-14.074505805969238,0.6524123123576063
0.5699999,1.0,-15.909331321716309,0.5843009505213821
0.5999999,1.0,-17.57723045349121,0.5223861361176867
0.6299999,1.0,-19.374202728271484,0.45567994102349646
0.6599998,1.0,-21.52838897705078,0.37571344949937746
0.6899998,1.0,-23.724836349487305,0.29417816428870963
0.7199998,1.0,-26.16048240661621,0.20376347990683602
0.7499998,1.0,-28.47173309326172,0.11796653057226258
0.7799997,1.0,-30.77431869506836,0.03249124164830392
0.42,1.0,-6.089969635009766,0.9488097777118046
0.45,1.0,-7.900936603546143,0.8815840794593967
0.48,1.0,-9.881548881530762,0.8080609033506582
0.51,1.0,-11.99901008605957,0.7294576982839863
0.54,1.0,-13.77987003326416,0.6633496159607994
0.5699999,1.0,-15.484625816345215,0.6000666296564845
0.5999999,1.0,-17.501434326171875,0.525199797367394
0.6299999,1.0,-19.59930992126465,0.4473236382893635
0.6599998,1.0,-21.153915405273438,0.389614447020139
0.6899998,1.0,-23.502777099609375,0.30242132299110974
0.7199998,1.0,-25.867433547973633,0.21464187497786283
0.7499998,1.0,-29.09442710876465,0.09485123321064794
0.7799997,1.0,-31.191129684448242,0.017018618300024022
0.42,1.0,-5.7306108474731445,0.9621496927047394
0.45,1.0,-7.6229634284973145,0.8919028434748437
0.48,1.0,-10.055663108825684,0.8015975328370372
0.51,1.0,-12.030055046081543,0.728305264721721
0.54,1.0,-13.65415096282959,0.668016488653921
0.5699999,1.0,-15.45337963104248,0.601226532990557
0.5999999,1.0,-17.1625919342041,0.5377781142518591
0.6299999,1.0,-19.3503475189209,0.45656548070114533
0.6599998,1.0,-21.404335021972656,0.38031851071583905
0.6899998,1.0,-23.660409927368164,0.29656976573043226
0.7199998,1.0,-26.216821670532227,0.20167208540788398
0.7499998,1.0,-28.57645034790039,0.11407927548452931
0.7799997,1.0,-30.9139347076416,0.027308494477581772
0.42,1.0,-5.825862407684326,0.95861381780692
0.45,1.0,-7.585389614105225,0.8932976375005768
0.48,1.0,-10.129858016967773,0.798843311145928
0.51,1.0,-12.358562469482422,0.7161105967333413
0.54,1.0,-14.101649284362793,0.6514047074041706
0.5699999,1.0,-16.08092498779297,0.5779311468650421
0.5999999,1.0,-17.821449279785156,0.5133203820706855
0.6299999,1.0,-19.74458122253418,0.4419309586692747
0.6599998,1.0,-21.822181701660156,0.36480744105389773
0.6899998,1.0,-24.014902114868164,0.2834105059295916
0.7199998,1.0,-26.568635940551758,0.18861223375507394
0.7499998,1.0,-28.75801658630371,0.10733927560170915
0.7799997,1.0,-31.355844497680664,0.010904167553849577
0.42,1.0,-5.788745880126953,0.9599916366877169
0.45,1.0,-7.562910079956055,0.8941321101363688
0.48,1.0,-9.924066543579102,0.8064825865900993
0.51,1.0,-11.792930603027344,0.7371076650603177
0.54,1.0,-13.446730613708496,0.6757162303077919
0.5699999,1.0,-15.274367332458496,0.6078717269544219
0.5999999,1.0,-17.347930908203125,0.5308980649980954
0.6299999,1.0,-19.35458755493164,0.4564080844667635
0.6599998,1.0,-21.259008407592773,0.38571324363813075
0.6899998,1.0,-23.546419143676758,0.30080126755301234
0.7199998,1.0,-26.010725021362305,0.2093226894159334
0.7499998,1.0,-28.512269973754883,0.11646174327162517
0.7799997,1.0,-31.210617065429688,0.016295218692880916
0.42,1.0,-5.927403926849365,0.9548444505870435
0.45,1.0,-7.490427494049072,0.8968227679635931
0.48,1.0,-10.146702766418457,0.7982180098216171
0.51,1.0,-12.257966041564941,0.7198448808069576
0.54,1.0,-13.950467109680176,0.657016807145874
0.5699999,1.0,-15.93850040435791,0.5832181522252052
0.5999999,1.0,-17.58486557006836,0.5221027096101606
0.6299999,1.0,-19.58049201965332,0.44802218585949893
0.6599998,1.0,-21.748510360717773,0.36754222717760354
0.6899998,1.0,-23.777616500854492,0.2922188891659864
0.7199998,1.0,-26.228160858154297,0.20125115845628705
0.7499998,1.0,-28.542953491210938,0.11532272697720301
0.7799997,1.0,-30.73475456237793,0.033959919151579775
0.42,1.0,-5.986917018890381,0.9526352390237589
0.45,1.0,-7.805392742156982,0.8851308049973057
0.48,1.0,-10.126550674438477,0.7989660844569573
0.51,1.0,-12.156435012817383,0.7236138586074508
0.54,1.0,-13.881083488464355,0.6595924269470921
0.5699999,1.0,-15.739476203918457,0.5906062167653788
0.5999999,1.0,-17.545373916625977,0.5235686965795153
0.6299999,1.0,-19.57495880126953,0.4482275868833144
0.6599998,1.0,-21.397241592407227,0.3805818290224814
0.6899998,1.0,-23.727853775024414,0.2940661531133646
0.7199998,1.0,-26.5095272064209,0.19080643497122005
0.7499998,1.0,-28.96042823791504,0.09982546400248818
0.7799997,1.0,-30.81144905090332,0.03111290944195618
0.42,1.0,-5.974817752838135,0.9530843811797648
0.45,1.0,-7.849997043609619,0.88347502918123
0.48,1.0,-10.117081642150879,0.7993175885530385
0.51,1.0,-12.332758903503418,0.7170684622109997
0.54,1.0,-14.07604694366455,0.6523551031100218
0.5699999,1.0,-16.08994483947754,0.577596316998919
0.5999999,1.0,-17.586095809936523,0.5220570413370268
0.6299999,1.0,-19.662771224975586,0.4449678634309055
0.6599998,1.0,-21.590656280517578,0.3734019976470927
0.6899998,1.0,-23.853931427001953,0.2893859693576862
0.7199998,1.0,-26.278215408325195,0.19939306156970033
0.7499998,1.0,-28.62449073791504,0.11229594711953828
0.7799997,1.0,-30.734848022460938,0.033956449778892096
0.42,1.0,-5.844760894775391,0.9579122787878854
0.45,1.0,-7.664256572723389,0.8903699825768457
0.48,1.0,-10.146636009216309,0.7982204879449654
0.51,1.0,-12.24551010131836,0.7203072632219961
0.54,1.0,-13.662659645080566,0.6677006341322939
0.5699999,1.0,-15.574070930480957,0.5967462983873276
0.5999999,1.0,-17.16973114013672,0.537513096660635
0.6299999,1.0,-19.127443313598633,0.46484000536478304
0.6599998,1.0,-21.315290451049805,0.3836239732449059
0.6899998,1.0,-23.903165817260742,0.2875583179865219
0.7199998,1.0,-26.44398307800293,0.1932395272781463
0.7499998,1.0,-28.330177307128906,0.12322128492713512
0.7799997,1.0,-30.61714744567871,0.03832566445611574
0.42,1.0,-5.717601776123047,0.962632608141807
0.45,1.0,-7.741499423980713,0.8875026168540037
0.48,1.0,-10.143766403198242,0.798327011847182
0.51,1.0,-12.263856887817383,0.7196262041223476
0.54,1.0,-14.118986129760742,0.6507611387706062
0.5699999,1.0,-16.036497116088867,0.5795803733551257
0.5999999,1.0,-17.718944549560547,0.5171255050703023
0.6299999,1.0,-19.604524612426758,0.4471300614540959
0.6599998,1.0,-21.67938804626465,0.3701081468960009
0.6899998,1.0,-23.75680160522461,0.29299156802599935
0.7199998,1.0,-26.451200485229492,0.19297160674242844
0.7499998,1.0,-28.706514358520508,0.10925111236319276
0.7799997,1.0,-30.824420928955078,0.030631374673611243
0.42,1.0,-5.972237586975098,0.9531801606471781
0.45,1.0,-7.8223652839660645,0.8845007598368708
0.48,1.0,-10.070100784301758,0.8010615855603151
0.51,1.0,-12.187386512756348,0.7224648944178732
0.54,1.0,-13.767546653747559,0.6638070775309034
0.5699999,1.0,-15.563275337219238,0.5971470463345167
0.5999999,1.0,-17.504146575927734,0.5250991147559271
0.6299999,1.0,-19.429738998413086,0.45361835480824875
0.6599998,1.0,-21.46533966064453,0.3780539307966
0.6899998,1.0,-24.080869674682617,0.2809616952402844
0.7199998,1.0,-26.101394653320312,0.2059569022842155
0.7499998,1.0,-28.740455627441406,0.10799116364937153
0.7799997,1.0,-31.124235153198242,0.019501839502111033
0.42,1.0,-5.790284633636475,0.9599345159445377
0.45,1.0,-7.810612678527832,0.8849370334523464
0.48,1.0,-10.2052001953125,0.7960465011349893
0.51,1.0,-12.454387664794922,0.7125534276756073
0.54,1.0,-14.069531440734863,0.6525969679488199
0.5699999,1.0,-15.997724533081055,0.5810196673958427
0.5999999,1.0,-17.68174934387207,0.5185062445964742
0.6299999,1.0,-19.572874069213867,0.44830497513530687
0.6599998,1.0,-21.64078712463379,0.37154106861953645
0.6899998,1.0,-23.530437469482422,0.3013945302826054
0.7199998,1.0,-26.056299209594727,0.20763091000778255
0.7499998,1.0,-28.63556480407715,0.11188486185781049
0.7799997,1.0,-31.08034324645996,0.02113117020188368
0.42,1.0,-5.887833118438721,0.9563133759026542
0.45,1.0,-7.619237899780273,0.8920411404585622
0.48,1.0,-9.981335639953613,0.804356675373081
0.51,1.0,-12.034695625305176,0.7281329997472491
0.54,1.0,-13.722445487976074,0.6654812976650432
0.5699999,1.0,-15.6942138671875,0.5922864197973168
0.5999999,1.0,-17.306562423706055,0.5324337226353008
0.6299999,1.0,-19.208595275878906,0.4618275278190144
0.6599998,1.0,-21.400056838989258,0.38047732302070564
0.6899998,1.0,-23.955528259277344,0.28561454883560683
0.7199998,1.0,-26.000638961791992,0.20969709845210574
0.7499998,1.0,-29.031654357910156,0.0971814479968559
0.7799997,1.0,-30.95905113220215,0.025633707915248112
0.42,1.0,-6.346045017242432,0.939303891257257
0.45,1.0,-8.341904640197754,0.8652147117757572
0.48,1.0,-10.40738296508789,0.788541185958677
0.51,1.0,-11.900981903076172,0.7330966454122158
0.54,1.0,-13.518292427062988,0.6730597528818937
0.5699999,1.0,-15.5839262008667,0.5963804565775881
0.5999999,1.0,-17.37032699584961,0.5300666900164889
0.6299999,1.0,-19.247282028198242,0.4603914199368882
0.6599998,1.0,-21.61984634399414,0.37231842051214914
0.6899998,1.0,-23.423419952392578,0.30536717442057004
0.7199998,1.0,-25.574769973754883,0.22550596773699352
0.7499998,1.0,-28.048397064208984,0.13368137277696185
0.7799997,1.0,-30.345373153686523,0.04841431701778813
0.42,1.0,-6.239342212677002,0.9432648528137223
0.45,1.0,-8.231042861938477,0.8693300604168243
0.48,1.0,-9.908994674682617,0.8070420760386307
0.51,1.0,-11.859525680541992,0.7346355600115361
0.54,1.0,-13.518935203552246,0.6730358920942254
0.5699999,1.0,-15.55773639678955,0.5973526597689047
0.5999999,1.0,-17.41476821899414,0.5284169679017356
0.6299999,1.0,-19.123811721801758,0.46497481527493284
0.6599998,1.0,-21.23521614074707,0.3865964467994798
0.6899998,1.0,-23.513290405273438,0.302031053965508
0.7199998,1.0,-25.826719284057617,0.2161532470062544
0.7499998,1.0,-28.745532989501953,0.10780268466784908
0.7799997,1.0,-30.502540588378906,0.04258003581702479
0.42,1.0,-5.685792922973633,0.9638133985155297
0.45,1.0,-7.830081462860107,0.8842143241795646
0.48,1.0,-9.970768928527832,0.8047489268973614
0.51,1.0,-12.117112159729004,0.7250735794649105
0.54,1.0,-13.568463325500488,0.6711973369803285
0.5699999,1.0,-15.391587257385254,0.6035203547653064
0.5999999,1.0,-17.389936447143555,0.5293387589837946
0.6299999,1.0,-19.243436813354492,0.4605341598417527
0.6599998,1.0,-21.557924270629883,0.3746170569265468
0.6899998,1.0,-23.774778366088867,0.292324244810053
0.7199998,1.0,-25.932615280151367,0.21222223534054185
0.7499998,1.0,-28.4503231048584,0.11876130013183793
0.7799997,1.0,-30.89687156677246,0.02794190280541795
0.42,1.0,-5.791342258453369,0.9598952553903475
0.45,1.0,-7.767017364501953,0.8865553542040999
0.48,1.0,-9.990516662597656,0.8040158626091598
0.51,1.0,-12.037026405334473,0.7280464778406299
0.54,1.0,-13.769036293029785,0.6637517799784732
0.5699999,1.0,-15.464394569396973,0.6008176426380806
0.5999999,1.0,-17.312286376953125,0.5322212412590616
0.6299999,1.0,-19.531587600708008,0.4498375882209699
0.6599998,1.0,-21.573728561401367,0.3740303789247079
0.6899998,1.0,-23.8259220123291,0.2904257191111262
0.7199998,1.0,-25.922807693481445,0.21258630706217538
0.7499998,1.0,-28.680683135986328,0.11021000449195259
0.7799997,1.0,-31.115224838256836,0.019836315350612945
0.42,1.0,-6.081786632537842,0.9491135425316681
0.45,1.0,-7.723172664642334,0.8881829325166477
0.48,1.0,-10.115528106689453,0.7993752580235306
0.51,1.0,-12.211163520812988,0.7215822576847181
0.54,1.0,-13.931922912597656,0.6577051944102813
0.5699999,1.0,-15.792168617248535,0.5886501986047705
0.5999999,1.0,-17.528593063354492,0.5241916259857643
0.6299999,1.0,-19.504390716552734,0.4508471756730844
0.6599998,1.0,-21.568496704101562,0.3742245929916937
0.6899998,1.0,-23.705759048461914,0.2948863411381415
0.7199998,1.0,-26.115514755249023,0.2054327437942791
0.7499998,1.0,-28.364381790161133,0.12195156532696899
0.7799997,1.0,-30.572391510009766,0.039987069152368354
0.42,1.0,-5.999545574188232,0.9521664488897769
0.45,1.0,-7.693933010101318,0.8892683505432215
0.48,1.0,-10.151793479919434,0.7980290352154249
0.51,1.0,-12.4013032913208,0.7145239959604466
0.54,1.0,-14.203946113586426,0.6476073019886958
0.5699999,1.0,-16.047544479370117,0.5791702793427372
0.5999999,1.0,-17.730180740356445,0.5167084015090143
0.6299999,1.0,-19.668033599853516,0.4447725165075319
0.6599998,1.0,-21.58009910583496,0.3737938951537519
0.6899998,1.0,-23.720001220703125,0.29435765122265384
0.7199998,1.0,-26.11570930480957,0.20542552183480678
0.7499998,1.0,-28.848466873168945,0.10398163087527866
0.7799997,1.0,-31.086641311645508,0.02089737696484869
0.42,1.0,-5.961358547210693,0.9535840062485527
0.45,1.0,-7.77800989151001,0.8861472957930334
0.48,1.0,-10.020512580871582,0.8029023709852255
0.51,1.0,-12.131878852844238,0.7245254185802573
0.54,1.0,-13.716264724731445,0.6657107364853375
0.5699999,1.0,-15.659419059753418,0.5935780530882346
0.5999999,1.0,-17.47480583190918,0.5261882853692854
0.6299999,1.0,-19.31591033935547,0.45784383833126857
0.6599998,1.0,-21.65505599975586,0.3710113874547094
0.6899998,1.0,-23.477575302124023,0.3033568499568709
0.7199998,1.0,-26.036943435668945,0.2083494241717532
0.7499998,1.0,-29.15000343322754,0.09278816012139122
0.7799997,1.0,-31.503271102905273,0.005431479951371432
0.42,1.0,-5.940638065338135,0.9543531803341158
0.45,1.0,-7.684911251068115,0.8896032512128688
0.48,1.0,-10.121739387512207,0.7991446863468484
0.51,1.0,-11.99550724029541,0.72958772895625
0.54,1.0,-13.757537841796875,0.664178619024344
0.5699999,1.0,-15.448349952697754,0.6014132418839735
0.5999999,1.0,-17.320993423461914,0.5318980231709135
0.6299999,1.0,-19.354379653930664,0.4564158020509055
0.6599998,1.0,-21.593015670776367,0.37331441368760987
0.6899998,1.0,-23.86678123474121,0.2889089660148925
0.7199998,1.0,-26.033388137817383,0.20848140194093348
0.7499998,1.0,-28.72195053100586,0.1086780994415319
0.7799997,1.0,-30.580873489379883,0.03967220588008046
0.42,1.0,-5.9115729331970215,0.9554321198382217
0.45,1.0,-7.872373104095459,0.8826443976366279
0.48,1.0,-10.181912422180176,0.7969109767641773
0.51,1.0,-12.351849555969238,0.7163597897368982
0.54,1.0,-14.03130054473877,0.6540161537886532
0.5699999,1.0,-15.864428520202637,0.5859678070890011
0.5999999,1.0,-17.70189094543457,0.5177585593805173
0.6299999,1.0,-19.437698364257812,0.45332289170160217
0.6599998,1.0,-21.571395874023438,0.3741169716348514
0.6899998,1.0,-23.673351287841797,0.2960893638184751
0.7199998,1.0,-26.059823989868164,0.2075000650949901
0.7499998,1.0,-28.635160446166992,0.11189987220494901
0.7799997,1.0,-30.81097412109375,0.03113053951949153
0.42,1.0,-5.982853889465332,0.9527860682312677
0.45,1.0,-7.738545894622803,0.8876122561112867
0.48,1.0,-10.214893341064453,0.7956866776248102
0.51,1.0,-12.167078971862793,0.7232187395404388
0.54,1.0,-13.966761589050293,0.6564119326383059
0.5699999,1.0,-15.742259979248047,0.590502879021753
0.5999999,1.0,-17.46660804748535,0.5264925989164618
0.6299999,1.0,-19.377893447875977,0.45554293620409525
0.6599998,1.0,-21.678022384643555,0.3701588422193556
0.6899998,1.0,-23.80491065979004,0.2912056907341357
0.7199998,1.0,-25.865549087524414,0.21471182885981033
0.7499998,1.0,-28.533187866210938,0.11568524102130331
0.7799997,1.0,-31.144315719604492,0.018756419998929803
0.42,1.0,-5.94297456741333,0.9542664460169239
0.45,1.0,-7.885263919830322,0.8821658720180631
0.48,1.0,-10.196958541870117,0.7963524431632232
0.51,1.0,-12.404601097106934,0.7144015766670384
0.54,1.0,-14.086668968200684,0.6519607982835385
0.5699999,1.0,-15.893330574035645,0.5848949212862176
0.5999999,1.0,-17.64079475402832,0.5200265378689197
0.6299999,1.0,-19.446252822875977,0.4530053378953932
0.6599998,1.0,-21.61281394958496,0.3725794731060159
0.6899998,1.0,-23.93648338317871,0.2863215220251267
0.7199998,1.0,-26.268054962158203,0.19977023194331794
0.7499998,1.0,-28.435190200805664,0.11932305529314491
0.7799997,1.0,-30.665796279907227,0.03651974976689267
0.42,1.0,-5.964998722076416,0.9534488777225437
0.45,1.0,-7.903364181518555,0.8814939642739223
0.48,1.0,-10.022778511047363,0.8028182563984304
0.51,1.0,-11.8635835647583,0.7344849255137189
0.54,1.0,-13.473967552185059,0.6747051559816685
0.5699999,1.0,-15.066239356994629,0.6155977367157852
0.5999999,1.0,-16.926082611083984,0.5465576804538889
0.6299999,1.0,-19.092378616333008,0.4661416573543806
0.6599998,1.0,-21.341087341308594,0.38266635557958234
0.6899998,1.0,-23.73818588256836,0.29368261042256555
0.7199998,1.0,-25.973464965820312,0.21070583626192935
0.7499998,1.0,-28.538835525512695,0.11547559178603359
0.7799997,1.0,-30.570154190063477,0.04007012168629993
0.42,1.0,-5.659496784210205,0.9647895490033227
0.45,1.0,-7.7132039070129395,0.8885529871360794
0.48,1.0,-10.167064666748047,0.7974621467986107
0.51,1.0,-11.949360847473145,0.7313007494216723
0.54,1.0,-13.974603652954102,0.6561208239484
0.5699999,1.0,-15.626620292663574,0.5947955904910371
0.5999999,1.0,-17.55297088623047,0.5232866861424741
0.6299999,1.0,-19.62664794921875,0.4463088113764554
0.6599998,1.0,-21.700101852416992,0.3693392206227726
0.6899998,1.0,-24.0015869140625,0.28390478533229946
0.7199998,1.0,-26.35295295715332,0.19661869627594528
0.7499998,1.0,-28.55194664001465,0.11498888836041925
0.7799997,1.0,-30.568687438964844,0.0401245695964392
0.42,1.0,-5.848910331726074,0.957758245720905
0.45,1.0,-7.808848857879639,0.8850025090113858
0.48,1.0,-10.074156761169434,0.8009110218660223
0.51,1.0,-12.040558815002441,0.7279153497137405
0.54,1.0,-13.631396293640137,0.6688611746980845
0.5699999,1.0,-15.524999618530273,0.5985678960571694
0.5999999,1.0,-17.318660736083984,0.531984615881057
0.6299999,1.0,-19.26973533630371,0.4595579208495545
0.6599998,1.0,-21.23689079284668,0.3865342813051985
0.6899998,1.0,-23.45649528503418,0.30413937050675305
0.7199998,1.0,-25.760841369628906,0.21859872992992238
0.7499998,1.0,-28.180580139160156,0.1287745469401965
0.7799997,1.0,-31.026208877563477,0.02314071582681621
0.42,1.0,-5.751636981964111,0.961369172354417
0.45,1.0,-7.7951202392578125,0.8855121350779723
0.48,1.0,-10.158039093017578,0.7977971890753065
0.51,1.0,-12.260407447814941,0.7197542522959326
0.54,1.0,-14.022555351257324,0.654340787947286
0.5699999,1.0,-15.853676795959473,0.5863669265551326
0.5999999,1.0,-17.619348526000977,0.5208226526954557
0.6299999,1.0,-19.459379196166992,0.45251806804158495
0.6599998,1.0,-21.408823013305664,0.3801519100233062
0.6899998,1.0,-23.692611694335938,0.2953743898307164
0.7199998,1.0,-26.011098861694336,0.2093088119251827
0.7499998,1.0,-28.874223709106445,0.10302550008396413
0.7799997,1.0,-31.117900848388672,0.019736978006106555
0.42,1.0,-6.190012454986572,0.9450960443610985
0.45,1.0,-7.888939380645752,0.8820294336268558
0.48,1.0,-10.037891387939453,0.802257244674128
0.51,1.0,-11.867321968078613,0.7343461506062118
0.54,1.0,-13.392354965209961,0.6777347325785407
0.5699999,1.0,-15.358424186706543,0.6047514156412384
0.5999999,1.0,-17.335330963134766,0.5313657930792139
0.6299999,1.0,-19.444543838500977,0.4530687778531108
0.6599998,1.0,-21.059968948364258,0.39310187460649837
0.6899998,1.0,-23.2261905670166,0.31268861284443544
0.7199998,1.0,-26.236082077026367,0.20095711142012523
0.7499998,1.0,-28.088459014892578,0.13219421555385977
0.7799997,1.0,-30.960718154907227,0.025571825635063803
0.42,1.0,-5.9726972579956055,0.9531630969978367
0.45,1.0,-7.579733848571777,0.8935075876508246
0.48,1.0,-10.03353500366211,0.8024189599234883
0.51,1.0,-12.225883483886719,0.7210358314864087
0.54,1.0,-13.925901412963867,0.6579287211363017
0.5699999,1.0,-15.887797355651855,0.585100322310033
0.5999999,1.0,-17.557523727416992,0.5231176781301171
0.6299999,1.0,-19.414913177490234,0.45416871060215336
0.6599998,1.0,-21.608850479125977,0.3727266028293832
0.6899998,1.0,-23.65423011779785,0.2967991691489645
0.7199998,1.0,-25.996782302856445,0.20984026317811566
0.7499998,1.0,-29.01807975769043,0.09768535667886015
0.7799997,1.0,-31.323246002197266,0.012114270586607022
0.42,1.0,-6.1202311515808105,0.9476864266971202
0.45,1.0,-7.814493656158447,0.8847929659814024
0.48,1.0,-10.092851638793945,0.8002170411232002
0.51,1.0,-12.299986839294434,0.7182850083644629
0.54,1.0,-14.110621452331543,0.6510716476261534
0.5699999,1.0,-15.949579238891602,0.5828068899546668
0.5999999,1.0,-17.644681930541992,0.5198822402865221
0.6299999,1.0,-19.511198043823242,0.4505944778950778
0.6599998,1.0,-21.644697189331055,0.37139592139484784
0.6899998,1.0,-23.623815536499023,0.29792820214646903
0.7199998,1.0,-25.81681251525879,0.21652100051114834
0.7499998,1.0,-28.614835739135742,0.11265435455923276
0.7799997,1.0,-30.437349319458008,0.04500002947196696
0.42,1.0,-6.004476070404053,0.9519834217796207
0.45,1.0,-7.851147174835205,0.8834323346561143
0.48,1.0,-10.206063270568848,0.7960144625402715
0.51,1.0,-12.322821617126465,0.7174373485722815
0.54,1.0,-14.079985618591309,0.6522088938324696
0.5699999,1.0,-15.977142333984375,0.5817837082258985
0.5999999,1.0,-17.60358238220215,0.5214079146268098
0.6299999,1.0,-19.506025314331055,0.45078649705281215
0.6599998,1.0,-21.51036262512207,0.376382613606954
0.6899998,1.0,-23.65476417541504,0.2967793441621777
0.7199998,1.0,-26.233488082885742,0.20105340421308937
0.7499998,1.0,-28.773229598999023,0.10677454669238416
0.7799997,1.0,-30.902572631835938,0.027730271071469557
0.42,1.0,-5.801174640655518,0.9595302632228989
0.45,1.0,-7.93320894241333,0.880386083829284
0.48,1.0,-10.163009643554688,0.7976126750911414
0.51,1.0,-12.062893867492676,0.7270862404449095
0.54,1.0,-13.705506324768066,0.6661101037638039
0.5699999,1.0,-15.712260246276855,0.5916165122527357
0.5999999,1.0,-17.392194747924805,0.5292549276110964
0.6299999,1.0,-19.33046531677246,0.4573035366378058
0.6599998,1.0,-21.152708053588867,0.38965926565098186
0.6899998,1.0,-23.539518356323242,0.30105743470370666
0.7199998,1.0,-25.662641525268555,0.22224404937533326
0.7499998,1.0,-28.29009437561035,0.1247092209890038
0.7799997,1.0,-31.213048934936523,0.016204944199477034
0.42,1.0,-5.690772533416748,0.9636285482146245
0.45,1.0,-7.642354488372803,0.8911830194456746
0.48,1.0,-10.010085105895996,0.8032894538522366
0.51,1.0,-12.090910911560059,0.7260462074773726
0.54,1.0,-13.676140785217285,0.6672001948229773
0.5699999,1.0,-15.426728248596191,0.6022158706347392
0.5999999,1.0,-17.30144691467285,0.532623617687308
0.6299999,1.0,-19.3846435546875,0.45529236253181576
0.6599998,1.0,-21.442398071289062,0.37890555558613875
0.6899998,1.0,-23.358842849731445,0.3077643693407075
0.7199998,1.0,-26.34600257873535,0.19687670431826979
0.7499998,1.0,-28.49834442138672,0.11697867980208929
0.7799997,1.0,-30.73941421508789,0.03378694614186552
0.42,1.0,-6.062258243560791,0.9498384644145824
0.45,1.0,-7.828938961029053,0.8842567354905834
0.48,1.0,-10.208147048950195,0.7959371096900411
0.51,1.0,-12.270893096923828,0.7193650099214324
0.54,1.0,-14.075268745422363,0.652383990947911
0.5699999,1.0,-15.853438377380371,0.5863757769956623
0.5999999,1.0,-17.616662979125977,0.5209223440575832
0.6299999,1.0,-19.429080963134766,0.45364278202411096
0.6599998,1.0,-21.402708053588867,0.38037890612201436
0.6899998,1.0,-23.59843635559082,0.29887031383998436
0.7199998,1.0,-26.103452682495117,0.20588050528156235
0.7499998,1.0,-28.60770606994629,0.11291901813283566
0.7799997,1.0,-30.98563575744629,0.024646848394414146
0.42,1.0,-6.003692150115967,0.9520125220280827
0.45,1.0,-7.7940216064453125,0.8855529179079336
0.48,1.0,-10.1113920211792,0.7995287954658414
0.51,1.0,-12.0957612991333,0.7258661541152345
0.54,1.0,-13.821763038635254,0.6617944873544286
0.5699999,1.0,-15.539922714233398,0.5980139292835287
0.5999999,1.0,-17.345653533935547,0.5309826044060361
0.6299999,1.0,-19.55544090270996,0.44895211934684526
0.6599998,1.0,-21.699665069580078,0.3693554346298232
0.6899998,1.0,-23.550331115722656,0.3006560495247995
0.7199998,1.0,-26.45623016357422,0.19278489784901195
0.7499998,1.0,-28.402971267700195,0.12051906842457892
0.7799997,1.0,-31.58685302734375,0.002328798715723195
0.42,1.0,-5.824276447296143,0.9586726909373241
0.45,1.0,-7.951513767242432,0.8797065824071687
0.48,1.0,-9.910117149353027,0.8070004081646164
0.51,1.0,-11.899412155151367,0.7331549167126639
0.54,1.0,-13.530009269714355,0.6726248068324976
0.5699999,1.0,-15.622689247131348,0.5949415165544923
0.5999999,1.0,-17.509246826171875,0.5249097861321137
0.6299999,1.0,-19.461427688598633,0.452442025056553
0.6599998,1.0,-21.341825485229492,0.3826389546157021
0.6899998,1.0,-23.374502182006836,0.3071830724067107
0.7199998,1.0,-26.341167449951172,0.19705619125221396
0.7499998,1.0,-28.66518211364746,0.11078542473343757
0.7799997,1.0,-31.55412483215332,0.0035437163881288473
0.42,1.0,-5.8781633377075195,0.9566723320696615
0.45,1.0,-7.768155097961426,0.8865131199018919
0.48,1.0,-9.950258255004883,0.8055103125952584
0.51,1.0,-11.898119926452637,0.7332028861003353
0.54,1.0,-13.74280834197998,0.6647253992402746
0.5699999,1.0,-15.551294326782227,0.5975917986720197
0.5999999,1.0,-17.181774139404297,0.5370660432085941
0.6299999,1.0,-19.30457878112793,0.4582644820687685
0.6599998,1.0,-21.539419174194336,0.3753039927187072
0.6899998,1.0,-23.674964904785156,0.2960294640369695
0.7199998,1.0,-25.786897659301758,0.21763148298530244
0.7499998,1.0,-28.79031753540039,0.10614021791873288
0.7799997,1.0,-30.80277442932129,0.031434923870192144
0.42,1.0,-5.966933727264404,0.953377047547204
0.45,1.0,-7.616260051727295,0.8921516824607794
0.48,1.0,-10.196645736694336,0.7963640549411983
0.51,1.0,-12.331299781799316,0.717122626907042
0.54,1.0,-14.055070877075195,0.6531337648678329
0.5699999,1.0,-15.963521957397461,0.5822893161924846
0.5999999,1.0,-17.750587463378906,0.5159508746031883
0.6299999,1.0,-19.435626983642578,0.45339978432892497
0.6599998,1.0,-21.539216995239258,0.3753114978922764
0.6899998,1.0,-23.953887939453125,0.28567543986645183
0.7199998,1.0,-25.926673889160156,0.21244278831854427
0.7499998,1.0,-28.981908798217773,0.09902807471251601
0.7799997,1.0,-31.31357192993164,0.012473386061543875
0.42,1.0,-5.726584434509277,0.9622991589444065
0.45,1.0,-7.756652355194092,0.8869401182556922
0.48,1.0,-10.084572792053223,0.8005243638201567
0.51,1.0,-12.303877830505371,0.7181405691750167
0.54,1.0,-14.059836387634277,0.6529568622625235
0.5699999,1.0,-15.920513153076172,0.5838858648605348
0.5999999,1.0,-17.578824996948242,0.5223269443714234
0.6299999,1.0,-19.7554874420166,0.44152610411767984
0.6599998,1.0,-21.544097900390625,0.37513031167375055
0.6899998,1.0,-23.562318801879883,0.3002110493749615
0.7199998,1.0,-26.349088668823242,0.19676214421605215
0.7499998,1.0,-28.333816528320312,0.12308619180288836
0.7799997,1.0,-31.004610061645508,0.023942494935291155
0.42,1.0,-5.91492223739624,0.9553077888496592
0.45,1.0,-7.899378776550293,0.8816419082378183
0.48,1.0,-10.087722778320312,0.8004074317998771
0.51,1.0,-11.863757133483887,0.7344784823930133
0.54,1.0,-13.4332857131958,0.676215324350148
0.5699999,1.0,-15.363139152526855,0.6045763893293212
0.5999999,1.0,-17.00804901123047,0.5435149698032704
0.6299999,1.0,-18.86395263671875,0.47462115822068834
0.6599998,1.0,-21.535734176635742,0.37544078512753565
0.6899998,1.0,-23.768390655517578,0.2925613658127272
0.7199998,1.0,-25.421289443969727,0.23120338572540414
0.7499998,1.0,-28.572589874267578,0.11422258181758771
0.7799997,1.0,-31.211530685424805,0.01626130380477075
0.42,1.0,-6.134891033172607,0.9471422308098243
0.45,1.0,-8.197464942932129,0.8705765210592781
0.48,1.0,-10.283202171325684,0.7931509556095003
0.51,1.0,-12.009147644042969,0.7290813775526596
0.54,1.0,-13.758625984191895,0.6641382256137661
0.5699999,1.0,-15.297093391418457,0.6070281029631222
0.5999999,1.0,-17.173011779785156,0.5373913145989451
0.6299999,1.0,-18.964754104614258,0.47087926276821634
0.6599998,1.0,-21.62772560119629,0.37202593115352056
0.6899998,1.0,-23.24323844909668,0.3120557709447932
0.7199998,1.0,-25.54596710205078,0.22657517175651667
0.7499998,1.0,-28.831092834472656,0.10462658017756568
0.7799997,1.0,-31.244396209716797,0.01504128827861994
0.42,1.0,-5.716608047485352,0.9626694967779351
0.45,1.0,-7.660278797149658,0.8905176433266448
0.48,1.0,-10.137072563171387,0.7985754968154964
0.51,1.0,-12.257977485656738,0.7198444559858123
0.54,1.0,-14.094192504882812,0.6516815137821803
0.5699999,1.0,-16.02363395690918,0.5800578723225891
0.5999999,1.0,-17.78932762145996,0.5145127842223834
0.6299999,1.0,-19.760601043701172,0.4413362798691969
0.6599998,1.0,-21.899595260620117,0.36193373841563625
0.6899998,1.0,-23.77202796936035,0.2924263434920047
0.7199998,1.0,-26.532201766967773,0.1899647226750747
0.7499998,1.0,-29.291685104370117,0.08752873273391895
0.7799997,1.0,-31.318674087524414,0.01228398663420632
0.42,1.0,-6.091977596282959,0.9487352393016627
0.45,1.0,-8.037623405456543,0.8765100688010236
0.48,1.0,-10.25673770904541,0.7941333545083074
0.51,1.0,-11.976451873779297,0.7302950915651532
0.54,1.0,-13.565110206604004,0.6713218095759395
0.5699999,1.0,-15.3638334274292,0.6045506168464985
0.5999999,1.0,-17.319303512573242,0.5319607550933887
0.6299999,1.0,-19.419469833374023,0.45399956098274796
0.6599998,1.0,-21.309858322143555,0.3838256216819367
0.6899998,1.0,-23.941556930541992,0.2861331846506527
0.7199998,1.0,-25.73575782775879,0.21952986707718078
0.7499998,1.0,-28.236799240112305,0.12668761306327148
0.7799997,1.0,-31.431842803955078,0.008083001130572974
0.42,1.0,-5.912677764892578,0.9553911068968067
0.45,1.0,-7.7819600105285645,0.8860006616943358
0.48,1.0,-10.195088386535645,0.7964218660187389
0.51,1.0,-12.399285316467285,0.7145989060890907
0.54,1.0,-14.173249244689941,0.6487468139077875
0.5699999,1.0,-15.965157508850098,0.5822286021704501
0.5999999,1.0,-17.79572296142578,0.5142753800056122
0.6299999,1.0,-19.55310821533203,0.44903871205698875
0.6599998,1.0,-21.705209732055664,0.3691496087848623
0.6899998,1.0,-23.74329376220703,0.2934929985846553
0.7199998,1.0,-26.163251876831055,0.20366067318964196
0.7499998,1.0,-28.688405990600586,0.10992332102231156
0.7799997,1.0,-31.043848037719727,0.022485924834660054
0.42,1.0,-5.742390155792236,0.9617124278399245
0.45,1.0,-7.89097261428833,0.8819539570700178
0.48,1.0,-10.134185791015625,0.7986826579494312
0.51,1.0,-12.11198616027832,0.725263863936301
0.54,1.0,-13.812345504760742,0.6621440797553554
0.5699999,1.0,-15.564310073852539,0.5971086354226173
0.5999999,1.0,-17.272785186767578,0.5336875822460375
0.6299999,1.0,-19.402620315551758,0.45462503931586945
0.6599998,1.0,-21.396482467651367,0.38061000882512824
0.6899998,1.0,-23.721067428588867,0.29431807205260463
0.7199998,1.0,-26.142057418823242,0.20444744195097836
0.7499998,1.0,-28.42853546142578,0.11957008878921248
0.7799997,1.0,-30.832557678222656,0.03032932683921049
0.42,1.0,-5.8597211837768555,0.957356931345522
0.45,1.0,-7.696426868438721,0.8891757749352798
0.48,1.0,-10.192152976989746,0.7965308326425417
0.51,1.0,-12.314667701721191,0.7177400336384003
0.54,1.0,-14.056084632873535,0.6530961327947002
0.5699999,1.0,-15.8621244430542,0.586053337746281
0.5999999,1.0,-17.583581924438477,0.5221503603819729
0.6299999,1.0,-19.35329818725586,0.45645594764914865
0.6599998,1.0,-21.653451919555664,0.37107093321859386
0.6899998,1.0,-23.41520118713379,0.30567226680651305
0.7199998,1.0,-26.021379470825195,0.20892718092953805
0.7499998,1.0,-28.61465072631836,0.11266122250108387
0.7799997,1.0,-30.97481918334961,0.025048375180369765
0.42,1.0,-5.866307735443115,0.957112429075446
0.45,1.0,-7.7705302238464355,0.886424951813334
0.48,1.0,-10.197047233581543,0.7963491507993461
0.51,1.0,-12.00008773803711,0.7294176942927917
0.54,1.0,-13.852508544921875,0.6606531699454687
0.5699999,1.0,-15.746603012084961,0.5903416593970623
0.5999999,1.0,-17.544553756713867,0.5235991420949379
0.6299999,1.0,-19.389827728271484,0.45509991855293597
0.6599998,1.0,-21.385103225708008,0.38103242265073417
0.6899998,1.0,-23.608741760253906,0.2984877623985246
0.7199998,1.0,-26.121522903442383,0.20520971269292831
0.7499998,1.0,-29.037263870239258,0.09697321483207094
0.7799997,1.0,-31.015138626098633,0.023551659481495527
0.42,1.0,-5.845039367675781,0.9579019414733466
0.45,1.0,-7.631161689758301,0.8915985122267862
0.48,1.0,-9.938883781433105,0.8059325494120537
0.51,1.0,-11.828622817993164,0.7357827187112456
0.54,1.0,-13.54194164276123,0.6721818599848626
0.5699999,1.0,-15.598258018493652,0.5958484388964612
0.5999999,1.0,-17.28962516784668,0.5330624579305372
0.6299999,1.0,-19.464723587036133,0.45231967656666916
0.6599998,1.0,-21.336565017700195,0.38283423073555145
0.6899998,1.0,-23.45643424987793,0.30414163621952867
0.7199998,1.0,-25.984638214111328,0.21029106921694116
0.7499998,1.0,-28.991167068481445,0.09868439440586312
0.7799997,1.0,-31.3360652923584,0.011638400100201148
0.42,1.0,-5.96255350112915,0.9535396478406173
0.45,1.0,-7.850822925567627,0.8834443712552348
0.48,1.0,-10.176138877868652,0.7971252990320468
0.51,1.0,-12.27187442779541,0.7193285815082117
0.54,1.0,-13.951884269714355,0.6569642001273649
0.5699999,1.0,-15.876931190490723,0.5855036899876188
0.5999999,1.0,-17.508373260498047,0.5249422141462149
0.6299999,1.0,-19.46734046936035,0.4522225341314141
0.6599998,1.0,-21.478349685668945,0.3775709799577703
0.6899998,1.0,-23.70903968811035,0.29476455907645155
0.7199998,1.0,-26.383275985717773,0.19549306184760415
0.7499998,1.0,-28.450820922851562,0.11874282041201173
0.7799997,1.0,-31.366844177246094,0.010495843629567077
0.42,1.0,-5.9244890213012695,0.9549526560729608
0.45,1.0,-7.704497814178467,0.8888761698224653
0.48,1.0,-10.154367446899414,0.7979334858594653
0.51,1.0,-12.112404823303223,0.7252483225627308
0.54,1.0,-13.801838874816895,0.6625341009686223
0.5699999,1.0,-15.747143745422363,0.5903215865979408
0.5999999,1.0,-17.573495864868164,0.5225247694181453
0.6299999,1.0,-19.45661163330078,0.4526208039552548
0.6599998,1.0,-21.67605209350586,0.3702319822598938
0.6899998,1.0,-23.530611038208008,0.3013880871618997
0.7199998,1.0,-25.770605087280273,0.21823628668934633
0.7499998,1.0,-28.708032608032227,0.10919475275789906
0.7799997,1.0,-30.591167449951172,0.039290079259766145
0.42,1.0,-5.763363361358643,0.9609338722873997
0.45,1.0,-7.728600025177002,0.8879814610884276
0.48,1.0,-10.024255752563477,0.8027634190689078
0.51,1.0,-12.184844017028809,0.7225592755156829
0.54,1.0,-14.008872032165527,0.6548487324301718
0.5699999,1.0,-15.973952293395996,0.5819021271201872
0.5999999,1.0,-17.614049911499023,0.5210193448857897
0.6299999,1.0,-19.655588150024414,0.44523450950318705
0.6599998,1.0,-21.710586547851562,0.36895001365003444
0.6899998,1.0,-23.854093551635742,0.2893799510581259
0.7199998,1.0,-26.279037475585938,0.19936254525075361
0.7499998,1.0,-28.85501480102539,0.10373856237656844
0.7799997,1.0,-31.30782699584961,0.012686646276549751
0.42,1.0,-5.801888942718506,0.9595037473030716
0.45,1.0,-7.742710590362549,0.8874576566161123
0.48,1.0,-10.124156951904297,0.7990549428798763
0.51,1.0,-12.198273658752441,0.7220607479015207
0.54,1.0,-13.957786560058594,0.6567450986216093
0.5699999,1.0,-15.681038856506348,0.5927754951409931
0.5999999,1.0,-17.38268280029297,0.529608024786473
0.6299999,1.0,-19.414968490600586,0.4541666572999504
0.6599998,1.0,-21.6618595123291,0.37075883128375126
0.6899998,1.0,-23.723051071166992,0.2942444363873967
0.7199998,1.0,-26.21077537536621,0.2018965325797195
0.7499998,1.0,-28.43295669555664,0.11940596622002801
0.7799997,1.0,-30.68010711669922,0.03598851092453242
0.42,1.0,-6.245110988616943,0.9430507075546635
0.45,1.0,-8.110682487487793,0.8737980106085983
0.48,1.0,-10.286571502685547,0.7930258811839334
0.51,1.0,-12.103337287902832,0.7255849225169598
0.54,1.0,-13.77416706085205,0.6635613184982722
0.5699999,1.0,-15.579489707946777,0.5965451455749665
0.5999999,1.0,-17.19432830810547,0.5366000144120574
0.6299999,1.0,-19.128217697143555,0.4648112591339423
0.6599998,1.0,-21.38121223449707,0.3811768618401804
0.6899998,1.0,-23.37110710144043,0.307309102679855
0.7199998,1.0,-25.8305721282959,0.21601022388729296
0.7499998,1.0,-28.228429794311523,0.1269982989276293
0.7799997,1.0,-31.27860450744629,0.013771427071405336
0.42,1.0,-5.650099277496338,0.965138397967245
0.45,1.0,-7.643355846405029,0.8911458475954495
0.48,1.0,-9.992975234985352,0.8039245968664166
0.51,1.0,-11.961318969726562,0.7308568467264601
0.54,1.0,-13.677749633789062,0.6671404720502823
0.5699999,1.0,-15.65739631652832,0.5936531402256894
0.5999999,1.0,-17.43094825744629,0.5278163416056217
0.6299999,1.0,-19.239728927612305,0.46067180189287205
0.6599998,1.0,-21.563215255737305,0.37442064795030966
0.6899998,1.0,-23.992534637451172,0.2842408188583346
0.7199998,1.0,-26.056989669799805,0.20760527913200827
0.7499998,1.0,-29.112897872924805,0.09416557188192387
0.7799997,1.0,-31.649587631225586,0.0
0.42,1.0,-5.7428507804870605,0.9616953287888209
0.45,1.0,-7.6071624755859375,0.8924893975705152
0.48,1.0,-9.817145347595215,0.8104516551500899
0.51,1.0,-11.97875690460205,0.7302095255061111
0.54,1.0,-13.620973587036133,0.6692480805562849
0.5699999,1.0,-15.865044593811035,0.5859449375506721
0.5999999,1.0,-17.381528854370117,0.5296508609186371
0.6299999,1.0,-19.502464294433594,0.4509186872325651
0.6599998,1.0,-21.651100158691406,0.37115823396397973
0.6899998,1.0,-23.60527801513672,0.29861634159854145
0.7199998,1.0,-26.06500816345215,0.20730762111611029
0.7499998,1.0,-28.58465003967285,0.1137748911338287
0.7799997,1.0,-31.4577579498291,0.0071209936467466674
0.42,1.0,-5.975148677825928,0.9530720967683094
0.45,1.0,-7.731070518493652,0.8878897528236578
0.48,1.0,-10.184897422790527,0.7968001692487443
0.51,1.0,-12.357337951660156,0.7161560525959023
0.54,1.0,-14.20675277709961,0.6475031146027791
0.5699999,1.0,-16.087739944458008,0.5776781658729385
0.5999999,1.0,-17.73390769958496,0.5165700514226526
0.6299999,1.0,-19.599275588989258,0.4473249127527998
0.6599998,1.0,-21.577335357666016,0.37389648946037324
0.6899998,1.0,-23.74106788635254,0.2935756262974414
0.7199998,1.0,-26.11219596862793,0.2055559419264538
0.7499998,1.0,-28.66127586364746,0.11093043035107768
0.7799997,1.0,-30.934293746948242,0.026552737659861745
0.42,1.0,-5.787756443023682,0.9600283660159156
0.45,1.0,-7.61592960357666,0.8921639491713536
0.48,1.0,-10.004298210144043,0.8035042717447757
0.51,1.0,-12.08045768737793,0.7264342461919607
0.54,1.0,-14.002935409545898,0.6550691083993637
0.5699999,1.0,-15.740286827087402,0.5905761252675776
0.5999999,1.0,-17.634668350219727,0.5202539587887733
0.6299999,1.0,-19.44013023376465,0.4532326172081983
0.6599998,1.0,-21.90889549255371,0.36158850043145013
0.6899998,1.0,-23.806228637695312,0.291156765498887
0.7199998,1.0,-26.50306510925293,0.19104631731133953
0.7499998,1.0,-28.595373153686523,0.11337683372056076
0.7799997,1.0,-30.819787979125977,0.030803356433986167
0.42,1.0,-6.088954448699951,0.9488474628875805
0.45,1.0,-7.759970188140869,0.8868169555252796
0.48,1.0,-10.18874740600586,0.7966572523350692
0.51,1.0,-12.375275611877441,0.715490180852203
0.54,1.0,-14.177820205688477,0.6485771332619504
0.5699999,1.0,-15.936413764953613,0.5832956112807219
0.5999999,1.0,-17.572114944458008,0.5225760311696939
0.6299999,1.0,-19.53203010559082,0.44982116180334664
0.6599998,1.0,-21.537647247314453,0.3753697691927246
0.6899998,1.0,-23.6043758392334,0.2986498316655062
0.7199998,1.0,-26.04344367980957,0.20810812576114895
0.7499998,1.0,-28.358627319335938,0.12216517955959606
0.7799997,1.0,-30.364524841308594,0.04770337883091097
0.42,1.0,-5.930098533630371,0.9547444229081758
0.45,1.0,-7.797079563140869,0.8854394021576985
0.48,1.0,-10.182722091674805,0.7968809206681382
0.51,1.0,-12.181385040283203,0.7226876777068891
0.54,1.0,-14.006047248840332,0.6549535924495689
0.5699999,1.0,-15.809901237487793,0.5879919382399267
0.5999999,1.0,-17.503202438354492,0.525134162500425
0.6299999,1.0,-19.417940139770508,0.4540563454091871
0.6599998,1.0,-21.720726013183594,0.3685736221151834
0.6899998,1.0,-23.766338348388672,0.29263755040480766
0.7199998,1.0,-26.170135498046875,0.20340514327066578
0.7499998,1.0,-28.77305030822754,0.10678120222366257
0.7799997,1.0,-30.62144660949707,0.03816607331248252
0.42,1.0,-6.012749195098877,0.951676311493237
0.45,1.0,-7.6689453125,0.8901959298133869
0.48,1.0,-9.96557903289795,0.804941583286814
0.51,1.0,-11.986302375793457,0.7299294267642242
0.54,1.0,-13.759324073791504,0.6641123115238948
0.5699999,1.0,-15.567434310913086,0.5969926592499148
0.5999999,1.0,-17.496763229370117,0.5253731951982537
0.6299999,1.0,-19.289865493774414,0.45881066045474306
0.6599998,1.0,-21.602773666381836,0.3729521828576065
0.6899998,1.0,-23.636816024780273,0.2974456053252605
0.7199998,1.0,-25.85788345336914,0.2149963882237242
0.7499998,1.0,-28.425121307373047,0.1196968270975991
0.7799997,1.0,-30.650163650512695,0.037100055451550096
0.42,1.0,-5.876434803009033,0.9567364977635026
0.45,1.0,-7.872669219970703,0.8826334053894899
0.48,1.0,-9.994794845581055,0.8038570503042932
0.51,1.0,-12.004392623901367,0.7292578907385857
0.54,1.0,-13.770538330078125,0.6636960222031355
0.5699999,1.0,-15.680399894714355,0.592799214321613
0.5999999,1.0,-17.270315170288086,0.5337792728099262
0.6299999,1.0,-19.390024185180664,0.4550926257899394
0.6599998,1.0,-21.7413272857666,0.36780887324988515
0.6899998,1.0,-23.789552688598633,0.2917758007113028
0.7199998,1.0,-25.952470779418945,0.21148517065322076
0.7499998,1.0,-28.614124298095703,0.11268076427377365
0.7799997,1.0,-31.43691062927246,0.007894876166671708
0.42,1.0,-6.010659694671631,0.95175387675404
0.45,1.0,-7.8168559074401855,0.8847052758166333
0.48,1.0,-10.040770530700684,0.8021503667542902
0.51,1.0,-11.882548332214355,0.7337809260722171
0.54,1.0,-13.676922798156738,0.6671711653780396
0.5699999,1.0,-15.332387924194336,0.6057179191488539
0.5999999,1.0,-17.352163314819336,0.5307409519778106
0.6299999,1.0,-19.32109832763672,0.4576512527453403
0.6599998,1.0,-21.552644729614258,0.37481304108163854
0.6899998,1.0,-23.425081253051758,0.30530550455095845
0.7199998,1.0,-26.137645721435547,0.20461121050254164
0.7499998,1.0,-28.875036239624023,0.1029953377826386
0.7799997,1.0,-30.477874755859375,0.043495666992474986
0.42,1.0,-5.71415376663208,0.9627606032127488
0.45,1.0,-7.727702617645264,0.8880147741465817
0.48,1.0,-9.885344505310059,0.807920004337424
0.51,1.0,-11.635802268981934,0.7429404947888341
0.54,1.0,-13.266807556152344,0.6823952329544808
0.5699999,1.0,-15.460373878479004,0.6009668964671749
0.5999999,1.0,-17.14175033569336,0.5385517843612114
0.6299999,1.0,-19.292171478271484,0.4587250589939389
0.6599998,1.0,-21.225568771362305,0.3869545710250773
0.6899998,1.0,-23.65996551513672,0.2965862629515798
0.7199998,1.0,-26.328344345092773,0.19753220334566832
0.7499998,1.0,-28.202423095703125,0.12796370498061904
0.7799997,1.0,-31.277257919311523,0.013821414359517604
0.42,1.0,-5.785755634307861,0.9601026389128416
0.45,1.0,-7.6658124923706055,0.8903122246019484
0.48,1.0,-10.069881439208984,0.8010697279656025
0.51,1.0,-12.125277519226074,0.7247704695776461
0.54,1.0,-13.936677932739258,0.657528681224355
0.5699999,1.0,-15.564459800720215,0.5971030773459646
0.5999999,1.0,-17.595022201538086,0.5217256808435914
0.6299999,1.0,-19.31652069091797,0.4578211812035123
0.6599998,1.0,-21.428144454956055,0.37943467032277184
0.6899998,1.0,-23.948923110961914,0.2858597414400442
0.7199998,1.0,-25.95623016357422,0.21134561690694698
0.7499998,1.0,-28.430057525634766,0.11951358757687028
0.7799997,1.0,-30.82672882080078,0.03054570240928285
0.42,1.0,-6.054419040679932,0.950129466899202
0.45,1.0,-7.7636799812316895,0.886679242670636
0.48,1.0,-10.14428997039795,0.7983075762797786
0.51,1.0,-12.351366996765137,0.7163777030285304
0.54,1.0,-14.049304962158203,0.6533478039216054
0.5699999,1.0,-15.94848346710205,0.5828475665793418
0.5999999,1.0,-17.636850357055664,0.5201729595570447
0.6299999,1.0,-19.590137481689453,0.44766413243742564
0.6599998,1.0,-21.475622177124023,0.37767222899743114
0.6899998,1.0,-23.56779670715332,0.300007701653349
0.7199998,1.0,-25.936222076416016,0.21208834587620715
0.7499998,1.0,-28.674304962158203,0.11044677147700559
0.7799997,1.0,-30.572912216186523,0.03996773979025128
0.42,1.0,-5.8882670402526855,0.95629726810089
0.45,1.0,-7.666855335235596,0.890273512775071
0.48,1.0,-9.97164535522461,0.8047163926779739
0.51,1.0,-11.846467971801758,0.7351202809384717
0.54,1.0,-13.50967025756836,0.6733798202132131
0.5699999,1.0,-15.626580238342285,0.5947970773650462
0.5999999,1.0,-17.24842071533203,0.5345920264646581
0.6299999,1.0,-19.339000701904297,0.45698669086683924
0.6599998,1.0,-21.59642219543457,0.3731879585933202
0.6899998,1.0,-23.45321273803711,0.3042612233719672
0.7199998,1.0,-25.780498504638672,0.21786902880912207
0.7499998,1.0,-28.596952438354492,0.11331820840249142
0.7799997,1.0,-31.386144638061523,0.009779382767799329
0.42,1.0,-6.038329124450684,0.9507267477287955
0.45,1.0,-8.002001762390137,0.8778323954196988
0.48,1.0,-10.079410552978516,0.8007159935585078
0.51,1.0,-11.916241645812988,0.7325301818165469
0.54,1.0,-13.666705131530762,0.6675504598573844
0.5699999,1.0,-15.55885124206543,0.5973112751089874
0.5999999,1.0,-17.271745681762695,0.5337261701667474
0.6299999,1.0,-19.310638427734375,0.4580395392722633
0.6599998,1.0,-21.28672218322754,0.3846844684309477
0.6899998,1.0,-23.730501174926758,0.2939678778217218
0.7199998,1.0,-25.807905197143555,0.2168516529693414
0.7499998,1.0,-28.333831787109375,0.12308562537469446
0.7799997,1.0,-30.61482048034668,0.03841204475568651
0.42,1.0,-5.77970552444458,0.9603272276917256
0.45,1.0,-7.850189685821533,0.8834678780252819
0.48,1.0,-10.094413757324219,0.800159053036849
0.51,1.0,-12.079678535461426,0.7264631694316122
0.54,1.0,-13.630352973937988,0.6688999042258429
0.5699999,1.0,-15.587471961975098,0.596248832826029
0.5999999,1.0,-17.224464416503906,0.5354813187290917
0.6299999,1.0,-19.57288932800293,0.44830440870711297
0.6599998,1.0,-21.424541473388672,0.3795684181800581
0.6899998,1.0,-23.5334415435791,0.30128301473193
0.7199998,1.0,-26.225236892700195,0.20135970025894442
0.7499998,1.0,-28.400697708129883,0.12060346622547102
0.7799997,1.0,-30.62113380432129,0.03817768509045761
0.42,1.0,-5.887790203094482,0.9563149689819496
0.45,1.0,-7.765390872955322,0.8866157319093942
0.48,1.0,-10.058724403381348,0.8014838931806347
0.51,1.0,-11.782397270202637,0.7374986775229239
0.54,1.0,-13.292098999023438,0.6814563782230804
0.5699999,1.0,-15.287373542785645,0.6073889177226407
0.5999999,1.0,-17.244192123413086,0.5347489978778944
0.6299999,1.0,-19.15375328063965,0.4638633415514394
0.6599998,1.0,-21.398164749145508,0.38054756011675006
0.6899998,1.0,-23.550029754638672,0.30066723648162913
0.7199998,1.0,-26.136133193969727,0.20466735769726266
0.7499998,1.0,-28.01651954650879,0.13486471207755718
0.7799997,1.0,-30.69318199157715,0.03550315276587861
0.42,1.0,-5.966170787811279,0.9534053689568993
0.45,1.0,-7.5797953605651855,0.8935053042371679
0.48,1.0,-10.165817260742188,0.7975084523034626
0.51,1.0,-12.372612953186035,0.7155890225720396
0.54,1.0,-14.071322441101074,0.6525304834395601
0.5699999,1.0,-16.024948120117188,0.5800090886943888
0.5999999,1.0,-17.67581558227539,0.5187265143603796
0.6299999,1.0,-19.462583541870117,0.45239911812086453
0.6599998,1.0,-21.544437408447266,0.3751177086464361
0.6899998,1.0,-23.69866371154785,0.29514973024830815
0.7199998,1.0,-25.990827560424805,0.21006131178078777
0.7499998,1.0,-28.494733810424805,0.11711271087347246
0.7799997,1.0,-30.51262855529785,0.04220555597732822
0.42,1.0,-5.830490589141846,0.9584420130553556
0.45,1.0,-7.6390275955200195,0.8913065184928274
0.48,1.0,-10.00815486907959,0.8033611070187657
0.51,1.0,-12.271858215332031,0.7193291833381678
0.54,1.0,-14.054295539855957,0.6531625465004358
0.5699999,1.0,-15.942364692687988,0.5830747042850983
0.5999999,1.0,-17.483884811401367,0.525851260593911
0.6299999,1.0,-19.569839477539062,0.4484176235423701
0.6599998,1.0,-21.470380783081055,0.3778667970820381
0.6899998,1.0,-24.015161514282227,0.2834008766502952
0.7199998,1.0,-26.475318908691406,0.19207629617843466
0.7499998,1.0,-28.753124237060547,0.10752088664138049
0.7799997,1.0,-31.448497772216797,0.007464744756923801
0.42,1.0,-5.761124134063721,0.9610169956248555
0.45,1.0,-7.763787746429443,0.8866752422715165
0.48,1.0,-9.913146018981934,0.8068879721681259
0.51,1.0,-12.162830352783203,0.7233764543906797
0.54,1.0,-13.591965675354004,0.6703248959546636
0.5699999,1.0,-15.662589073181152,0.5934603776309505
0.5999999,1.0,-17.30350112915039,0.5325473622917033
0.6299999,1.0,-19.188505172729492,0.46257330133981683
0.6599998,1.0,-21.27268409729004,0.3852055823693419
0.6899998,1.0,-23.462724685668945,0.30390812619659063
0.7199998,1.0,-25.712949752807617,0.22037653562002282
0.7499998,1.0,-28.298595428466797,0.12439364968147353
0.7799997,1.0,-30.874948501586914,0.028755718513013413
0.42,1.0,-5.907843589782715,0.9555705584289887
0.45,1.0,-7.82564115524292,0.8843791547839914
0.48,1.0,-10.176575660705566,0.7971090850249962
0.51,1.0,-12.397416114807129,0.7146682935428442
0.54,1.0,-14.171406745910645,0.6488152101122018
0.5699999,1.0,-15.841134071350098,0.5868325305305239
0.5999999,1.0,-17.554283142089844,0.5232379733177981
0.6299999,1.0,-19.369098663330078,0.45586941125435826
0.6599998,1.0,-21.58826446533203,0.37349078526648755
0.6899998,1.0,-23.672826766967773,0.29610883478764066
0.7199998,1.0,-25.878984451293945,0.21421308883507545
0.7499998,1.0,-28.809377670288086,0.10543267830101917
0.7799997,1.0,-30.65044403076172,0.03708964733348706
0.42,1.0,-5.736876010894775,0.9619171208284976
0.45,1.0,-7.596746921539307,0.8928760379154996
0.48,1.0,-9.938228607177734,0.8059568704226296
0.51,1.0,-12.139633178710938,0.7242375668524663
0.54,1.0,-13.867753982543945,0.6600872373762317
0.5699999,1.0,-16.014619827270508,0.5803924897781395
0.5999999,1.0,-17.62842559814453,0.5204856987236054
0.6299999,1.0,-19.69194793701172,0.44388478192063163
0.6599998,1.0,-21.781919479370117,0.3663020326470448
0.6899998,1.0,-23.992586135864258,0.2842389071631802
0.7199998,1.0,-26.179140090942383,0.20307087983273658
0.7499998,1.0,-29.12081527709961,0.09387166645281052
0.7799997,1.0,-30.94382667541504,0.02619886164571853
0.42,1.0,-5.795319557189941,0.9597476123414296
0.45,1.0,-7.608333110809326,0.8924459419075138
0.48,1.0,-9.994133949279785,0.8038815837254418
0.51,1.0,-12.234478950500488,0.7207167554044286
0.54,1.0,-14.040196418762207,0.6536859261516056
0.5699999,1.0,-15.829520225524902,0.5872636531896112
0.5999999,1.0,-17.52852439880371,0.5241941749126369
0.6299999,1.0,-19.41008186340332,0.4543480559290491
0.6599998,1.0,-21.42957878112793,0.3793814260725446
0.6899998,1.0,-23.956382751464844,0.28558282885674807
0.7199998,1.0,-26.29080581665039,0.19892568750620304
0.7499998,1.0,-28.373807907104492,0.12160165431018312
0.7799997,1.0,-31.445371627807617,0.007580791733150439
0.42,1.0,-5.825081825256348,0.9586427941492145
0.45,1.0,-7.674691200256348,0.8899826341966188
0.48,1.0,-10.14559555053711,0.7982591112674374
0.51,1.0,-12.266375541687012,0.7195327080685908
0.54,1.0,-14.003715515136719,0.6550401497579502
0.5699999,1.0,-15.926590919494629,0.5836602494305494
0.5999999,1.0,-17.681703567504883,0.5185079438810559
0.6299999,1.0,-19.682527542114258,0.4442344805268448
0.6599998,1.0,-21.561859130859375,0.3744709892560431
0.6899998,1.0,-23.936077117919922,0.2863366031757894
0.7199998,1.0,-26.35777473449707,0.19643970496667074
0.7499998,1.0,-28.6863956451416,0.10999794793685876
0.7799997,1.0,-31.227264404296875,0.015677245533328697
0.42,1.0,-6.175227642059326,0.9456448778792319
0.45,1.0,-7.908711910247803,0.8812954488928391
0.48,1.0,-10.134907722473145,0.7986558588155069
0.51,1.0,-12.261364936828613,0.7197187089267649
0.54,1.0,-13.997382164001465,0.6552752528601836
0.5699999,1.0,-15.998510360717773,0.5809904963438565
0.5999999,1.0,-17.661436080932617,0.5192603021296125
0.6299999,1.0,-19.558576583862305,0.44883571835299746
0.6599998,1.0,-21.520950317382812,0.375989583243907
0.6899998,1.0,-23.547176361083984,0.3007731585538897
0.7199998,1.0,-26.090139389038086,0.20637471388074594
0.7499998,1.0,-28.41987419128418,0.11989160759277877
0.7799997,1.0,-30.477670669555664,0.043503242969568486
0.42,1.0,-5.877385139465332,0.9567012199075507
0.45,1.0,-7.736578941345215,0.8876852722456575
0.48,1.0,-9.993935585021973,0.8038889472919626
0.51,1.0,-12.091554641723633,0.7260223112879421
0.54,1.0,-13.923205375671387,0.6580288019178125
0.5699999,1.0,-15.76788330078125,0.5895517044771352
0.5999999,1.0,-17.568456649780273,0.5227118323291831
0.6299999,1.0,-19.492900848388672,0.45127369610309614
0.6599998,1.0,-21.574953079223633,0.3739849230621469
0.6899998,1.0,-23.625347137451172,0.29787134691650563
0.7199998,1.0,-25.97053337097168,0.21081466127868367
0.7499998,1.0,-28.892778396606445,0.10233672340017357
0.7799997,1.0,-31.101707458496094,0.020338099926890053
0.42,1.0,-6.27756929397583,0.9418458085809376
0.45,1.0,-8.075605392456055,0.8751001228211034
0.48,1.0,-10.28574275970459,0.7930566453152149
0.51,1.0,-12.044724464416504,0.7277607148168039
0.54,1.0,-13.477572441101074,0.674571337320858
0.5699999,1.0,-15.186371803283691,0.6111382475451578
0.5999999,1.0,-16.883447647094727,0.5481403516311885
0.6299999,1.0,-19.26666259765625,0.45967198532710246
0.6599998,1.0,-21.609704971313477,0.3726948828505244
0.6899998,1.0,-23.130020141601562,0.31625859734005674
0.7199998,1.0,-26.147058486938477,0.20426179511042544
0.7499998,1.0,-27.846097946166992,0.14119100696825274
0.7799997,1.0,-30.20490074157715,0.05362885497089329
0.42,1.0,-5.789168834686279,0.9599759360062171
0.45,1.0,-7.7454833984375,0.8873547259927508
0.48,1.0,-10.218113899230957,0.7955671258741337
0.51,1.0,-12.28909969329834,0.7186891548808153
0.54,1.0,-14.055336952209473,0.6531238877762017
0.5699999,1.0,-15.920654296875,0.5838806253997412
0.5999999,1.0,-17.369688034057617,0.5300904091971087
0.6299999,1.0,-19.484939575195312,0.451569230013267
0.6599998,1.0,-21.720590591430664,0.36857864916540434
0.6899998,1.0,-23.65050506591797,0.296937448431802
0.7199998,1.0,-26.0946102142334,0.20620875041993128
0.7499998,1.0,-28.252290725708008,0.12611254683940767
0.7799997,1.0,-30.458051681518555,0.04423152801988404
0.42,1.0,-5.778132915496826,0.9603856051974602
0.45,1.0,-7.66331672668457,0.8904048710134143
0.48,1.0,-10.117286682128906,0.7993099771741828
0.51,1.0,-12.162312507629395,0.7233956775475103
0.54,1.0,-13.68139362335205,0.6670052019172249
0.5699999,1.0,-15.742813110351562,0.5904823459997239
0.5999999,1.0,-17.52152442932129,0.5244540238465916
0.6299999,1.0,-19.53327751159668,0.4497748562984948
0.6599998,1.0,-21.719575881958008,0.36861631664029915
0.6899998,1.0,-23.893522262573242,0.287916300605071
0.7199998,1.0,-26.15915870666504,0.20381261755265742
0.7499998,1.0,-29.02479362487793,0.0974361282735412
0.7799997,1.0,-31.04768180847168,0.022343609750940994
0.42,1.0,-6.020200252532959,0.9513997175257999
0.45,1.0,-7.792856216430664,0.8855961788612432
0.48,1.0,-10.188594818115234,0.7966629166170083
0.51,1.0,-12.21934700012207,0.7212784751639735
0.54,1.0,-13.964147567749023,0.6565089688682745
0.5699999,1.0,-15.825095176696777,0.5874279173658441
0.5999999,1.0,-17.48906135559082,0.5256590998291281
0.6299999,1.0,-19.602258682250977,0.44721417604089103
0.6599998,1.0,-21.436092376708984,0.3791396320372707
0.6899998,1.0,-23.666051864624023,0.29636032890573527
0.7199998,1.0,-26.06072998046875,0.2074664334209769
0.7499998,1.0,-28.3798885345459,0.1213759326749113
0.7799997,1.0,-30.617677688598633,0.03830598107637748
0.42,1.0,-5.97625207901001,0.9530311369295376
0.45,1.0,-7.8078999519348145,0.8850377337646944
0.48,1.0,-10.0158052444458,0.8030771140830457
0.51,1.0,-12.052325248718262,0.7274785627727142
0.54,1.0,-13.875792503356934,0.6597888359233292
0.5699999,1.0,-15.601495742797852,0.5957282499140667
0.5999999,1.0,-17.484779357910156,0.5258180537410432
0.6299999,1.0,-19.491117477416992,0.451339897398259
0.6599998,1.0,-21.66951560974121,0.37047462593745856
0.6899998,1.0,-23.583301544189453,0.2994321398048156
0.7199998,1.0,-26.338960647583008,0.19713811092975772
0.7499998,1.0,-29.016822814941406,0.09773201620133322
0.7799997,1.0,-30.80998992919922,0.03116707413799851
0.42,1.0,-5.881587505340576,0.9565452220427727
0.45,1.0,-7.837075710296631,0.8839546876561826
0.48,1.0,-9.957226753234863,0.8052516319194536
0.51,1.0,-11.91825008392334,0.7324556257055239
0.54,1.0,-13.704100608825684,0.6661622859611674
0.5699999,1.0,-15.486396789550781,0.6000008885842292
0.5999999,1.0,-17.207122802734375,0.5361250643714666
0.6299999,1.0,-19.2421875,0.46058053615012884
0.6599998,1.0,-21.795583724975586,0.36579479619940136
0.6899998,1.0,-24.035003662109375,0.28266430758764377
0.7199998,1.0,-25.944976806640625,0.2117633576999532
0.7499998,1.0,-28.752260208129883,0.10755296063786045
0.7799997,1.0,-31.375165939331055,0.010186927853315207
0.42,1.0,-6.472938060760498,0.9345934389949666
0.45,1.0,-8.315049171447754,0.866211625397033
0.48,1.0,-10.212321281433105,0.7957821561772455
0.51,1.0,-11.968635559082031,0.7305852444074818
0.54,1.0,-13.5158109664917,0.6731518682669277
0.5699999,1.0,-15.291170120239258,0.6072479833076443
0.5999999,1.0,-17.334354400634766,0.5314020444836239
0.6299999,1.0,-19.35955238342285,0.4562237828931711
0.6599998,1.0,-21.12877655029297,0.3905476374696003
0.6899998,1.0,-23.578523635864258,0.2996095026330326
0.7199998,1.0,-26.263242721557617,0.1999488692349713
0.7499998,1.0,-28.76177406311035,0.10719979265895963
0.7799997,1.0,-30.931535720825195,0.026655119555910385
0.42,1.0,-6.05752420425415,0.950014198761742
0.45,1.0,-7.832281112670898,0.8841326700152368
0.48,1.0,-10.074555397033691,0.8008962239294565
0.51,1.0,-11.959650993347168,0.7309187644084065
0.54,1.0,-13.664264678955078,0.6676410529666473
0.5699999,1.0,-15.557111740112305,0.5973758479230928
0.5999999,1.0,-17.338773727416992,0.5312379927179638
0.6299999,1.0,-19.127439498901367,0.4648401469718315
0.6599998,1.0,-21.265026092529297,0.3854898585191588
0.6899998,1.0,-23.41244125366211,0.3057747195060859
0.7199998,1.0,-26.40391731262207,0.19472682610829686
0.7499998,1.0,-28.308584213256836,0.12402285162503734
0.7799997,1.0,-30.70000457763672,0.03524988855967807
0.42,1.0,-5.856659412384033,0.9574705887028057
0.45,1.0,-7.850708484649658,0.8834486194666891
0.48,1.0,-10.05184268951416,0.8017393522960866
0.51,1.0,-12.171998977661133,0.7230361018496659
0.54,1.0,-13.690474510192871,0.6666681063383262
0.5699999,1.0,-15.539417266845703,0.5980326922174518
0.5999999,1.0,-17.231897354125977,0.5352053973951348
0.6299999,1.0,-19.41347312927246,0.4542221672629533
0.6599998,1.0,-21.744543075561523,0.3676894985080193
0.6899998,1.0,-23.56550407409668,0.3000928074894835
0.7199998,1.0,-26.12080192565918,0.2052364764250904
0.7499998,1.0,-28.89920425415039,0.1020981863270146
0.7799997,1.0,-30.99703025817871,0.02422386814061431
0.42,1.0,-5.859279632568359,0.9573733223613832
0.45,1.0,-7.754611492156982,0.8870158780266272
0.48,1.0,-10.161725044250488,0.797660361264716
0.51,1.0,-12.330329895019531,0.7171586304991172
0.54,1.0,-14.21605110168457,0.6471579474221172
0.5699999,1.0,-16.167612075805664,0.5747131974919338
0.5999999,1.0,-17.773923873901367,0.5150845934841322
0.6299999,1.0,-19.835050582885742,0.4385726059076018
0.6599998,1.0,-21.724048614501953,0.3684502823759602
0.6899998,1.0,-23.957534790039062,0.2855400635281081
0.7199998,1.0,-26.410154342651367,0.1944952985840375
0.7499998,1.0,-28.941062927246094,0.10054433218408003
0.7799997,1.0,-30.86797332763672,0.029014647001153016
0.42,1.0,-5.820413589477539,0.9588160857747878
0.45,1.0,-7.806575298309326,0.8850869068122779
0.48,1.0,-10.169504165649414,0.7973715890911098
0.51,1.0,-12.294556617736816,0.7184865859979694
0.54,1.0,-14.133415222167969,0.6502255101097432
0.5699999,1.0,-15.983752250671387,0.5815383386126506
0.5999999,1.0,-17.675565719604492,0.5187357896220549
0.6299999,1.0,-19.616918563842773,0.44666998015359516
0.6599998,1.0,-21.7075252532959,0.369063653306437
0.6899998,1.0,-23.842060089111328,0.2898266504925456
0.7199998,1.0,-26.216562271118164,0.20168171468718038
0.7499998,1.0,-28.53336524963379,0.11567865629354915
0.7799997,1.0,-30.77298927307129,0.032540591704698044
0.42,1.0,-5.976011276245117,0.9530400758744726
0.45,1.0,-7.784157752990723,0.8859190783335321
0.48,1.0,-10.055098533630371,0.8016184906802117
0.51,1.0,-12.1027250289917,0.7256076504482403
0.54,1.0,-13.799664497375488,0.662614816986254
0.5699999,1.0,-15.88065242767334,0.5853655523118297
0.5999999,1.0,-17.557846069335938,0.5231057123345209
0.6299999,1.0,-19.66054916381836,0.44505034953664313
0.6599998,1.0,-21.670522689819336,0.37043724167666076
0.6899998,1.0,-23.783029556274414,0.29201794876419795
0.7199998,1.0,-26.493694305419922,0.19139417502592249
0.7499998,1.0,-28.48692512512207,0.11740258050170421
0.7799997,1.0,-31.49043083190918,0.005908129276543927
0.42,1.0,-5.850968837738037,0.9576818310173707
0.45,1.0,-7.807529449462891,0.8850514873492776
0.48,1.0,-10.14647388458252,0.7982265062445256
0.51,1.0,-12.327195167541504,0.7172749960912029
0.54,1.0,-14.001914024353027,0.6551070236865933
0.5699999,1.0,-15.910028457641602,0.584275071833273
0.5999999,1.0,-17.530967712402344,0.5241034755980876
0.6299999,1.0,-19.434921264648438,0.45342598163289316
0.6599998,1.0,-21.74416160583496,0.36770365921286696
0.6899998,1.0,-23.62181282043457,0.29800254584691926
0.7199998,1.0,-26.141963958740234,0.20445091132366605
0.7499998,1.0,-28.870920181274414,0.10314813178794494
0.7799997,1.0,-31.192777633666992,0.016957444055082097
0.42,1.0,-5.9709367752075195,0.9532284486507088
0.45,1.0,-7.7572808265686035,0.8869167884944557
0.48,1.0,-10.203913688659668,0.7960942581120881
0.51,1.0,-12.273585319519043,0.7192650707469699
0.54,1.0,-14.139856338500977,0.6499864066083902
0.5699999,1.0,-16.05190658569336,0.5790083516828042
0.5999999,1.0,-17.79648208618164,0.5142472002029654
0.6299999,1.0,-19.8803768157959,0.4368900309576019
0.6599998,1.0,-21.544206619262695,0.37512627587286895
0.6899998,1.0,-23.667078018188477,0.29632223660969503
0.7199998,1.0,-26.372770309448242,0.19588304765910894
0.7499998,1.0,-28.861452102661133,0.10349960048226405
0.7799997,1.0,-31.346866607666016,0.011237439742439436
0.42,1.0,-6.079820156097412,0.9491865409651579
0.45,1.0,-7.816282749176025,0.8847265522756669
0.48,1.0,-10.106636047363281,0.7997053440535298
0.51,1.0,-12.37780475616455,0.7153962953790629
0.54,1.0,-14.012141227722168,0.6547273751896273
0.5699999,1.0,-15.921982765197754,0.5838313107451092
0.5999999,1.0,-17.537321090698242,0.5238676290588496
0.6299999,1.0,-19.512271881103516,0.4505546155109316
0.6599998,1.0,-21.557218551635742,0.374643254230515
0.6899998,1.0,-23.59576988220215,0.29896929716686954
0.7199998,1.0,-26.066551208496094,0.20725034106500148
0.7499998,1.0,-28.396554946899414,0.12075725148011669
0.7799997,1.0,-30.646364212036133,0.03724109607183287
0.42,1.0,-5.893109321594238,0.9561175156537299
0.45,1.0,-7.904316425323486,0.8814586156144464
0.48,1.0,-10.256661415100098,0.7941361866492769
0.51,1.0,-12.166561126708984,0.7232379626972695
0.54,1.0,-13.90711498260498,0.6586261004482872
0.5699999,1.0,-15.819249153137207,0.5876449301676346
0.5999999,1.0,-17.510963439941406,0.5248460629602992
0.6299999,1.0,-19.463186264038086,0.45237674420720525
0.6599998,1.0,-21.4288272857666,0.3794093226610945
0.6899998,1.0,-23.651594161987305,0.29689701961946185
0.7199998,1.0,-25.871408462524414,0.21449432043335015
0.7499998,1.0,-28.572479248046875,0.11422668842199353
0.7799997,1.0,-30.72096061706543,0.03447197023887144
0.42,1.0,-5.837387561798096,0.9581859875117098
0.45,1.0,-7.715001106262207,0.8884862725153658
0.48,1.0,-9.984710693359375,0.8042313885369413
0.51,1.0,-12.076269149780273,0.7265897307311882
0.54,1.0,-13.699095726013184,0.6663480744087689
0.5699999,1.0,-15.670184135437012,0.5931784379974335
0.5999999,1.0,-17.341123580932617,0.5311507627761021
0.6299999,1.0,-19.34581184387207,0.45673385148178414
0.6599998,1.0,-21.376028060913086,0.3813693058190602
0.6899998,1.0,-23.62906837463379,0.2977332092407166
0.7199998,1.0,-26.24051856994629,0.20079242242274686
0.7499998,1.0,-28.679964065551758,0.11023669742059045
0.7799997,1.0,-31.27851676940918,0.0137746840335203
0.42,1.0,-5.790991306304932,0.9599082832388074
0.45,1.0,-7.730258941650391,0.8879198797232213
0.48,1.0,-10.178999900817871,0.7970190937456892
0.51,1.0,-12.22762680053711,0.7209711170652549
0.54,1.0,-13.804780006408691,0.6624249219342467
0.5699999,1.0,-15.857766151428223,0.5862151237991656
0.5999999,1.0,-17.521860122680664,0.5244415624263257
0.6299999,1.0,-19.530134201049805,0.44989154050643954
0.6599998,1.0,-21.804277420043945,0.365472073735923
0.6899998,1.0,-23.852088928222656,0.2894543655621004
0.7199998,1.0,-26.013111114501953,0.20923411420711124
0.7499998,1.0,-28.509967803955078,0.11654720312538085
0.7799997,1.0,-30.78497886657715,0.03209552075133584
0.42,1.0,-6.138204574584961,0.9470192273873412
0.45,1.0,-8.036555290222168,0.8765497187745971
0.48,1.0,-10.216546058654785,0.7956253263710575
0.51,1.0,-11.91103458404541,0.7327234754377175
0.54,1.0,-13.715341567993164,0.6657450053910688
0.5699999,1.0,-15.369629859924316,0.6043354449363382
0.5999999,1.0,-17.175857543945312,0.5372856757407815
0.6299999,1.0,-19.118093490600586,0.46518708424059935
0.6599998,1.0,-21.662073135375977,0.3707509012890366
0.6899998,1.0,-23.919458389282227,0.28695351428247806
0.7199998,1.0,-25.976627349853516,0.2105884440187422
0.7499998,1.0,-28.74071502685547,0.10798153437007511
0.7799997,1.0,-30.530550003051758,0.041540286063584786
0.42,1.0,-5.848449230194092,0.9577753624728895
0.45,1.0,-7.738184452056885,0.8876256733791299
0.48,1.0,-10.150407791137695,0.7980804739757841
0.51,1.0,-12.225019454956055,0.7210679054828886
0.54,1.0,-13.91897964477539,0.6581856671257627
0.5699999,1.0,-15.827219009399414,0.5873490776416047
0.5999999,1.0,-17.46323585510254,0.5266177795473151
0.6299999,1.0,-19.497713088989258,0.45109505881144285
0.6599998,1.0,-21.58085060119629,0.373765998565202
0.6899998,1.0,-23.579971313476562,0.2995557627581357
0.7199998,1.0,-25.81718635559082,0.21650712302039762
0.7499998,1.0,-28.85725975036621,0.10365522662853992
0.7799997,1.0,-31.14169692993164,0.018853633237709045
0.42,1.0,-6.487137317657471,0.9340663421587743
0.45,1.0,-8.588054656982422,0.8560772691604648
0.48,1.0,-10.413825988769531,0.7883020116537999
0.51,1.0,-12.329812049865723,0.717177853655948
0.54,1.0,-13.6808443069458,0.6670255933322056
0.5699999,1.0,-15.471319198608398,0.6005605904433332
0.5999999,1.0,-17.35987091064453,0.5304548349363635
0.6299999,1.0,-19.51551055908203,0.4504343911267749
0.6599998,1.0,-21.61758804321289,0.3724022518848473
0.6899998,1.0,-23.143022537231445,0.315775929715324
0.7199998,1.0,-25.9144229888916,0.21289755935472712
0.7499998,1.0,-28.01898193359375,0.1347733047277655
0.7799997,1.0,-30.839204788208008,0.03008257655723988
